00004404.jpg 30 58
00004405.jpg 48 84 87
00004419.jpg 52 87
00004421.jpg 46 58 93
00004426.jpg 30 58
00004430.jpg 46 73
00004441.jpg 37 48 70 73 89
00004442.jpg 52 73
00004443.jpg 31 32 58
00004447.jpg 48 66
00004450.jpg 52
00004460.jpg 46 52 58 89
00004462.jpg 46 48 70 84
00004469.jpg 58 70 73 84
00004471.jpg 10 13 31
00004474.jpg 48 84 89
00004483.jpg 59 70
00004489.jpg 87
00004494.jpg 67
00004498.jpg 4 5
00004512.jpg 46 47 70 96
00004515.jpg 48 52 66 87
00004516.jpg 10 46 59
00004517.jpg 48 59 64 65
00004520.jpg 58
00004524.jpg 55 58 98
00004526.jpg 58
00004530.jpg 84 89
00004538.jpg 52 58 82 84 88 89
00004544.jpg 48 52
00004549.jpg 48 52 72 84 89
00004554.jpg 59 70
00004560.jpg 29 58
00004565.jpg 12 29 30
00004569.jpg 8 84 87 88
00004570.jpg 52 59 70
00004577.jpg 46 70
00004578.jpg 48 59
00004584.jpg 48 80 94
00004588.jpg 46 52 59 73
00004590.jpg 30 58
00004594.jpg 48
00004599.jpg 52
00004607.jpg 89
00004610.jpg 48 73 82
00004617.jpg 84
00004618.jpg 48 49 59
00004622.jpg 52 58 101
00004626.jpg 46 52 58 73 80 93
00004627.jpg 8 30 52 84
00004632.jpg 30
00004634.jpg 70 84
00004640.jpg 48 93
00004641.jpg 8 48 87
00004645.jpg 3 47
00004647.jpg 48 68 80 82 89
00004653.jpg 46 58 89
00004657.jpg 52
00004665.jpg 48 52
00004669.jpg 21 46 49 59 64
00004671.jpg 58 89
00004679.jpg 12 30
00004687.jpg 50 51 73 80 82
00004689.jpg 70 46
00004691.jpg 82
00004694.jpg 58
00004705.jpg 52 58 94
00004707.jpg 52 58
00004720.jpg 66 96
00004721.jpg 70 80 84
00004723.jpg 54 58 70 89
00004731.jpg 48 59 87
00004732.jpg 8 48 59 70
00004734.jpg 48 82
00004735.jpg 8 30
00004736.jpg 20 30 58
00004738.jpg 48 70 84 87
00004746.jpg 67 30
00004747.jpg 47 59
00004755.jpg 13
00004773.jpg 52 96
00004776.jpg 47 66
00004778.jpg 73 82 93 98
00004779.jpg 48 96
00004781.jpg 48 70 87
00004782.jpg 70 89
00004785.jpg 30 58
00004787.jpg 46 84
00004789.jpg 12 15 30
00004793.jpg 48 59 70
00004800.jpg 58
00004807.jpg 87
00004808.jpg 58
00004809.jpg 80 84 88
00004817.jpg 10
00004835.jpg 9 47 58 73 89
00004838.jpg 48 50
00004840.jpg 8 10 30
00004843.jpg 8 73 76 88
00004844.jpg 58 73 84
00004845.jpg 30 52
00004851.jpg 49
00004864.jpg 8 30 32
00004870.jpg 13 52
00004872.jpg 16 58
00004875.jpg 44 67
00004879.jpg 73 87
00004884.jpg 47 52 84
00004886.jpg 9 24 30 58
00004888.jpg 5
00004889.jpg 48 59
00004897.jpg 30
00004898.jpg 48 59 70
00004914.jpg 52 70 85
00004916.jpg 46 52 58
00004924.jpg 46 52
00004925.jpg 70 82
00004927.jpg 48 70 87
00004929.jpg 30 58
00004937.jpg 8 30 40 41 42 43
00004938.jpg 8 30 58
00004940.jpg 58 59
00004941.jpg 48 70 87
00004943.jpg 73
00004944.jpg 30 52
00004950.jpg 28 58 89
00004957.jpg 46 70 73 82 93
00004958.jpg 46 48 70
00004962.jpg 48 70 87
00004967.jpg 24 47 52 89
00004971.jpg 84 87 96
00004972.jpg 48 70 84 87 96
00004975.jpg 48 84 88
00004981.jpg 8 32
00004985.jpg 48 70 84 87
00004987.jpg 37
00004996.jpg 47 51 70 84
00004999.jpg 58 59 70
00005001.jpg 68
00005002.jpg 52 73
00005006.jpg 46 52 84
00005015.jpg 46 73
00005017.jpg 54 84
00005030.jpg 46 49 73 89 93
00005032.jpg 37 87
00005033.jpg 46 49 52 58 80
00005039.jpg 48 52 70 96
00005040.jpg 51 70 84
00005042.jpg 54 59
00005043.jpg 46 52 73 89
00005051.jpg 8 10
00005054.jpg 30
00005055.jpg 24 58
00005058.jpg 14
00005061.jpg 37 58 67
00005063.jpg 8 64 87
00005065.jpg 9 48 90
00005069.jpg 48 73
00005070.jpg 66 84
00005073.jpg 32 67
00005078.jpg 10 29
00005087.jpg 48 59 64
00005088.jpg 31
00005092.jpg 58 67 80
00005095.jpg 70 84 96
00005096.jpg 52 82
00005107.jpg 54 82
00005113.jpg 12 30
00005123.jpg 48 98 101
00005125.jpg 3 58
00005126.jpg 52
00005128.jpg 30 41
00005139.jpg 14
00005145.jpg 8 29 30 36 37
00005157.jpg 14 13
00005158.jpg 46 70 84 87
00005159.jpg 46 82 84 94
00005162.jpg 52
00005164.jpg 47 54 70 91
00005165.jpg 70
00005175.jpg 13
00005176.jpg 58 73 89
00005179.jpg 8 10 30
00005181.jpg 58 67 73 80
00005198.jpg 94
00005202.jpg 57
00005205.jpg 48 52 89
00005213.jpg 48 84 88 101
00005216.jpg 46 70 80 84 91
00005217.jpg 47 52 59
00005223.jpg 30 82
00005230.jpg 48 52 89
00005232.jpg 8 30 41 42
00005238.jpg 47 49 67 73
00005242.jpg 48 49 87
00005246.jpg 95
00005250.jpg 54 67 73 80
00005255.jpg 58
00005259.jpg 52
00005261.jpg 65 73 80
00005277.jpg 58
00005283.jpg 5
00005284.jpg 37 54 58 70
00005288.jpg 54 58 73 87 94
00005290.jpg 37 73 94
00005292.jpg 48 64 70
00005298.jpg 48 65 91
00005304.jpg 48 66 84 87
00005305.jpg 52 89
00005307.jpg 84
00005308.jpg 52 58
00005313.jpg 8 10
00005315.jpg 30 58
00005320.jpg 46 52
00005328.jpg 47 66 87
00005329.jpg 46 70 73
00005330.jpg 52 65
00005331.jpg 48
00005332.jpg 13 32 67
00005344.jpg 46 52 70 89
00005350.jpg 82 84 94
00005351.jpg 58
00005352.jpg 48 59 96
00005355.jpg 24 47 73
00005358.jpg 82 87
00005359.jpg 46 58 73 80
00005363.jpg 52 58 73 87
00005366.jpg 46 52 70 89
00005372.jpg 8 47 70 73 89 96
00005378.jpg 46 58 59
00005387.jpg 47 84
00005395.jpg 46 58 59 70
00005396.jpg 24
00005401.jpg 46 70 84 95
00005405.jpg 3 9 52 58 73 80
00005407.jpg 5 84 88 94 102
00005410.jpg 46 66
00005411.jpg 54 96
00005416.jpg 52 73 84 88 89
00005423.jpg 70 84
00005431.jpg 14
00005432.jpg 28 48 58 73 93
00005440.jpg 46 58 73
00005443.jpg 48 59
00005451.jpg 52 58
00005453.jpg 82
00005457.jpg 24 58
00005463.jpg 48 66 72 73 84 87
00005464.jpg 48 72 87
00005474.jpg 58
00005480.jpg 46 84
00005483.jpg 52 54
00005487.jpg 9 89
00005490.jpg 56 66 84
00005493.jpg 30 58
00005494.jpg 24 47
00005498.jpg 47 52 59
00005499.jpg 9
00005502.jpg 58
00005504.jpg 41 28
00005517.jpg 47 87
00005524.jpg 54 72 84 89 93
00005525.jpg 52 58
00005528.jpg 88
00005536.jpg 48 66 84 88
00005537.jpg 70
00005538.jpg 58 80
00005540.jpg 10 37
00005542.jpg 52 58 73 80
00005543.jpg 8 10 30
00005544.jpg 10 30 32
00005546.jpg 32 67
00005548.jpg 25 52
00005550.jpg 54 56 89 101
00005553.jpg 18 89
00005557.jpg 54 70 84 96
00005561.jpg 52 58 70 73 84
00005568.jpg 73 94
00005576.jpg 24 50
00005584.jpg 48 84
00005585.jpg 46 48 58 82
00005587.jpg 65 96
00005608.jpg 46 73
00005609.jpg 48 9
00005611.jpg 37 58 89
00005616.jpg 52
00005621.jpg 13 44
00005623.jpg 48 73 82
00005625.jpg 8 84 87 89
00005631.jpg 87 103
00005644.jpg 54 70 96
00005654.jpg 70
00005661.jpg 80 89
00005667.jpg 8 30
00005670.jpg 10
00005674.jpg 37 48 89
00005680.jpg 46 70 87
00005682.jpg 73
00005683.jpg 48 59 87
00005686.jpg 54 66 84 96
00005691.jpg 61
00005700.jpg 47 59 70
00005701.jpg 58 65
00005705.jpg 58 70 95
00005707.jpg 52
00005711.jpg 84 89
00005716.jpg 96
00005719.jpg 24 58
00005722.jpg 52
00005727.jpg 8 31
00005739.jpg 46 66 87 93
00005747.jpg 32 58
00005749.jpg 70 96
00005752.jpg 48 65 87
00005753.jpg 48 52 88
00005757.jpg 21 47 50
00005761.jpg 21 47 48 70
00005764.jpg 87 90
00005771.jpg 8 41 67
00005781.jpg 58 80 96
00005785.jpg 8 67 82 89
00005787.jpg 66 87
00005797.jpg 13
00005799.jpg 12 30 32
00005807.jpg 8 30 40
00005810.jpg 84 87
00005813.jpg 47 52 59 70 93
00005816.jpg 21 48 59
00005822.jpg 46 52 58 73 80
00005824.jpg 5 8 57 58 73
00005831.jpg 48 70 84 87
00005832.jpg 48 82
00005837.jpg 8 48 72 84 87
00005838.jpg 37 48 72 84 89
00005845.jpg 5 12
00005848.jpg 58
00005852.jpg 10 30
00005853.jpg 10 30
00005858.jpg 47 59
00005862.jpg 73 82
00005865.jpg 48 73 89
00005868.jpg 30
00005869.jpg 8 46 59 70
00005871.jpg 10 31 58
00005878.jpg 52 63 67
00005879.jpg 14 34 44
00005881.jpg 10 25 50
00005883.jpg 48 66 96 101
00005894.jpg 9 52 58
00005895.jpg 73 87
00005898.jpg 13 58
00005899.jpg 4 5
00005902.jpg 66 84
00005907.jpg 13 58
00005920.jpg 37
00005923.jpg 30
00005924.jpg 44 73
00005929.jpg 46 70 87
00005932.jpg 8 10 30 32 42
00005934.jpg 52 83 84
00005935.jpg 8 73 84 87 88 94
00005938.jpg 10 58
00005940.jpg 52 58 59 67
00005942.jpg 70 89
00005944.jpg 46 58
00005949.jpg 48 70 87
00005950.jpg 73 87
00005954.jpg 48 87
00005958.jpg 48 58 96
00005959.jpg 44 46 58 70
00005962.jpg 51 70 84
00005963.jpg 46 70 80 84 91
00005968.jpg 48 70 84
00005973.jpg 70 84
00005980.jpg 46 58 73
00005982.jpg 58
00005990.jpg 30 37 58
00005993.jpg 3 9 41 46 58
00005998.jpg 58
00006003.jpg 58 73
00006006.jpg 8 30 40
00006012.jpg 89
00006014.jpg 52
00006023.jpg 8 46 73 80
00006030.jpg 12 30
00006032.jpg 70
00006035.jpg 37 48 66
00006038.jpg 47 87
00006046.jpg 37
00006050.jpg 48 59
00006057.jpg 8 31 33
00006060.jpg 58 80
00006062.jpg 49 58 73
00006067.jpg 73
00006068.jpg 52 67
00006069.jpg 46 58 82
00006071.jpg 8 84 85 87
00006082.jpg 5 17 52
00006084.jpg 14 37
00006085.jpg 8 24
00006090.jpg 52 73 84 87 88
00006101.jpg 48 70 95
00006103.jpg 3 8 52
00006106.jpg 30 32 52 67
00006109.jpg 48 98
00006110.jpg 58
00006112.jpg 82
00006119.jpg 8
00006120.jpg 51 54 84
00006121.jpg 54 72 89
00006123.jpg 70 84
00006131.jpg 51 70 87
00006137.jpg 44
00006138.jpg 8 10 30
00006149.jpg 72 87
00006151.jpg 8 24 49 67 76 89
00006152.jpg 48 82
00006153.jpg 50 52
00006154.jpg 48 87
00006155.jpg 48
00006157.jpg 10 30
00006162.jpg 8 10 30
00006164.jpg 5 8
00006172.jpg 48 89
00006186.jpg 44
00006201.jpg 48 59
00006216.jpg 10 30
00006220.jpg 61 67
00006225.jpg 52 58
00006240.jpg 30 67
00006249.jpg 13
00006250.jpg 49 52 58 65
00006251.jpg 52 58 73 80
00006258.jpg 70 73 85 98 101
00006259.jpg 48 59
00006268.jpg 73 82
00006270.jpg 52 67
00006271.jpg 37 54 58 87
00006272.jpg 48 70 95
00006274.jpg 31 58
00006277.jpg 47
00006279.jpg 48
00006871.jpg 8
00006874.jpg 48 70 89
00006875.jpg 1 6
00006882.jpg 37
00006883.jpg 8
00006887.jpg 66 68 87
00006897.jpg 54
00006898.jpg 51 85
00006902.jpg 70
00006903.jpg 79 66
00006907.jpg 56 89
00006909.jpg 9 48
00006910.jpg 89
00006916.jpg 87
00006918.jpg 80
00006919.jpg 5 10
00006923.jpg 30
00006927.jpg 93 58
00006934.jpg 8 67 84
00006935.jpg 46 70 84 93
00006937.jpg 5
00006942.jpg 36 58
00006950.jpg 46 58 67 70 73
00006956.jpg 58 80
00006957.jpg 58 81
00006962.jpg 13
00006966.jpg 46 70 71
00006972.jpg 13 37
00006973.jpg 56 93 98
00006975.jpg 66
00006980.jpg 55
00006981.jpg 14 27 52
00006983.jpg 52 56 73 93
00006984.jpg 56 68 80
00006992.jpg 56 90
00006993.jpg 73
00007001.jpg 46 58 93
00007002.jpg 80 46
00007003.jpg 25
00007004.jpg 67 58
00007009.jpg 1 5
00007015.jpg 48 81 89
00007020.jpg 49
00007025.jpg 14 12
00007030.jpg 45
00007031.jpg 14 37
00007032.jpg 30
00007034.jpg 75 68
00007049.jpg 10 32 58
00007053.jpg 66 87
00007056.jpg 84 52
00007057.jpg 67
00007061.jpg 52 57
00007063.jpg 70 84
00007072.jpg 8 31
00007078.jpg 37 48 49
00007080.jpg 48 84 95
00007089.jpg 68
00007091.jpg 54
00007097.jpg 8 17 44
00007101.jpg 68
00007107.jpg 67
00007108.jpg 17 101
