id,attribute_ids
00006356,8 13
00006410,54 58 73 79
00003614,52 63 73 77 80 96
00000939,10 32
00001532,14 31
00001886,51 70 87
00002171,8 12 30
00001604,46 52 58 87
00000992,47 48 58 73 80 0
00003982,44 52 66 67 80
00003618,44 48 59
00003866,46 52 59 70
00002912,54 58 66 95
00003683,73 93
00001348,46 58 73 80 82 93
00006547,40 54 89
00006345,5 17
00000378,50 87 101
00001073,9 56 66 87
00002616,11 46 58 73 80 93 0
00002238,46 58 65 84 85
00003624,58 73
00002101,8 67 82 94
00002433,8 37 54 70 84 87 95
00001068,52 70 89
00003381,64 89
00001138,3 46 58 73 80 93 101
00002318,46 52 84 95
00002058,46 94 96
00001748,48 52 66 76 91
00003366,67 71 84 89 93
00002717,8 25 30 58
00000312,3 46 52 58 102
00002164,54 58 73
00001352,48 65 87
00000010,5 9
00006811,17 67 76 87 0
00000002,58 67
00000090,10 73 94
00003682,8 10 30
00001045,5 8 30 52
00004353,37 67 84 89
00001702,8 10 22
00003388,48 64 65
00006375,51 52
00000727,3 51 87
00006566,84 85 97 98
00002951,57 78 84 89
00000368,5 9 73 84 88
00002681,24 58
00002071,52 67 87
00004275,10 30
00000238,48 66 85
00003022,38 52 58 80
00003026,3 8
00001942,8 10
00000332,13 37
00002537,41 44 67
00001597,25 61
00006295,40 56 66 76
00000349,47 58 91
00002239,56 65
00001567,46 70 72 96 101
00003508,8 58 73 84 85 87 89 94 96
00001891,46 73 89
00001961,8 30
00003461,8 84
00006589,9 12 35 67 68 73 76
00000205,34 54
00006719,10 36
00006370,24 47 81
00000050,47 67 84
00002206,70 87 93
00000881,48 52 58 73 82
00004321,24 47 58 73
00001539,8 47 58 59
00000005,48 73 89
00001864,48 73 80
00004332,46 59 67 94
00002364,46 52 70 84 85
00001187,89
00006732,8 10 22
00001860,52 58 87
00002982,52 73 84 88
00006298,9 47 79
00002432,24 47 89
00001333,46 49 52 58 73 80
00003691,25 30 41 52
00001533,14 37
00002457,48 67 73 89
00000557,37 50 52
00000395,48 49 64 87
00001765,46 52 70 72
00002514,37 48 66
00000001,52 70 82 93
00006657,46 66 71 85 90 93
00004201,5 8
00001798,56 73
00003342,37 54 58 84 96
00003285,5 35 52 73 80 82 91
00001405,48 58 73 80 93
00004348,3 28 37 52 73
00001368,48 66 84 87
00002753,54 73
00001556,10 13
00003769,5 52 88
00003069,8 10 30
00001166,8 30 31 32 40 42
00000968,11 47 52 84 93
00002017,14 37
00000518,50 77 93
00006663,28 66 68 75 82
00003302,47 61 64 72 96 101
00000631,46 52 59 70
00002372,46 49
00001753,8 30
00006374,3 5 6 52
00006651,73 96 101
00006670,57 68 76 0
00002269,8 30 58
00001585,30 40 58
00000176,46 58 73 80 82 93
00004362,21 47 50 66
00004098,70 73 96 100
00000623,52 84 87 88 94
00003778,30 54 89
00006641,57 58 81
00000873,52 56 85
00000774,46 58 80
00004276,67 80 87 91
00001623,8 9 10 13 31
00000413,72 87 0
00006463,40 56 80 82
00002009,48 66 82
00001807,9 13 58 88 89
00000490,52 58 80 82
00001559,8 30 32 58
00001986,5 52 82 88 89 95
00006505,58 81
00004065,48 64 87
00001385,48 52 67 94
00003860,5 8 73 84 87 94 96
00003295,24 65 82 84 89 98 0
00002155,48 66 73 80
00000025,47 59 85
00003254,46 65 72 87 101
00004119,37 47 65 80
00006852,40 89 94
00000598,49 52 58 65
00002509,8 10 30
00006737,5 17 52
00001029,54 72 89
00001739,12 33 36 76
00003484,8 31 67
00000652,8 30 42
00002184,52 58 84 87
00000637,48 70 84
00003142,9 58 73 89
00002910,46 52 58 73 80 93 94
00001144,48 66 84
00000153,10 31
00000962,46 70 84 89 91
00001868,10 31
00002370,46 66 71 87 98
00000970,49 52 63 87
00002020,47 65 84
00001733,48 77
00002589,28 56 66 73 87
00006623,17 23 28 58
00004118,12 25 29 37 44
00000463,58 73 89
00004383,5 8 30
00000116,30 67
00002933,8 48 89
00002644,37 48 59 80 96
00004245,61 73 89
00001298,58 65 87
00003573,48 59 70 84 91
00003073,48 66 87
00004143,48 70 87
00002350,58 59 81
00004257,48 70 87 0
00001304,58 84
00006464,73 80
00004349,54 84 95
00003812,21 47 52 70 84
00002619,48 82 84
00001995,41 52 58 80
00003699,52 73 76 84 88 94
00003272,46 52 70 89 94
00002726,5 58 84
00004052,57 58
00003649,46 59 73 82 84 89 94
00001110,8 9 58 84 89
00002029,52 58 70 95
00006601,6 19 20
00002599,48 73 80 82
00002336,8 56
00004197,8 70 84 93 94
00006296,40 56
00001470,58 73 80
00001250,8 48 88
00000991,10 31 89
00006822,40 48 66 94
00001009,54 66 87
00000721,8 41 67
00001421,48 52 60 89
00002394,37 56 58
00002837,46 66 72 84 87 101
00006372,20 49
00003429,14 47 81 87
00003489,25 48 95
00000585,47 59 70
00001747,72 73 84 87 94
00004139,52 58 73 96
00001586,46 52 73 87
00006627,55 56 65
00002580,61 73 89
00000684,47 50 70 87
00001926,52 73 89
00002794,37 73 94
00003523,24 25 58 84
00002446,9 58
00006759,49 84
00003049,52 82 87 88 94
00002900,47 58 66 73 87
00001499,59 67
00004077,4 10 30 32
00001510,82 93 94
00002876,3 58 73 80 82
00004344,84 89
00003612,53 59 70
00003154,58 67 73 76
00002716,32 67
00006738,14 36 89
00002111,9 47 59 70
00003115,57 58
00000334,25 37 78
00001742,46 70 84
00003623,49 93
00001443,59 64
00004114,48 52 58 59 70
00001317,58 59 65
00004053,3 52
00002968,10 29
00002597,47 59 64
00003000,10 13
00001740,8 30 41 42 43 44
00001339,46 70 84 91
00004289,8 30
00003212,5 13
00004070,8 46 52 70
00000119,47 66 72
00002435,8 46 73 80
00003404,54 82
00003800,48 52 66 87
00006441,25 89
00002830,46 73 89
00006785,48 73 81 82
00004253,10 29
00002609,3 54
00003307,47 52 65 84 96
00001415,9 24 25 58
00003695,44 54 77 84 85 89
00003933,5 8 58 73 82 84 87 88 94
00002865,48 73 87 94
00002276,48 73 80 94
00001985,67 80 84
00002962,67 73
00000858,9 46 52 58
00002059,15 24
00003340,50 54 73 80 84 94
00002958,5 84 88 94 102
00003756,44 48 66 96 98
00001472,47 70 84 85
00000579,37 58 70 87
00006606,3 17 58
00003928,37 46 52 54 83 84 87
00004088,24 47 58
00001761,52 73 82 84 87 89 94
00000731,48 49 65
00001469,67 70 73 81
00006346,8 12 40
00002674,41 48 58 80
00003509,31 47 52 59 66 95
00000241,46 59 89 96
00003810,30 37 52 67
00001237,3 61
00001126,11 48 66
00002723,48 66 84 87
00006596,5 8 52
00002680,48 66 84 87
00001670,46 58 73 80
00006576,12 36
00001402,52 58
00001116,21 37 48 66 73 89
00004051,46 48 52 58 73 80 89
00000901,48 58 64 95
00004099,8 30 58
00003521,54 59
00002243,10 30
00003244,8 13 58
00004107,48 72 84 87 0
00002403,8 9 10 31
00002126,14 24 49
00000600,9 24 48 58 94
00002062,3 14 45 46 58 73 80
00002596,8 40 44
00000517,34 46 58 94
00001306,37 48
00002010,52 67
00002119,4 30 58
00002829,54 70 87 96
00002221,8 54 66 87
00000888,48 64 72 87
00004092,37 47 66 87
00000428,30 43 58 73
00006534,5 8 22
00000132,16 44 52 58
00003749,37 48 93
00002756,8 17 30 41
00003167,48 70 87
00002997,46 70 73 87
00002137,46 58 73 93
00003801,52 58 0
00006720,11 35 56 88
00000253,52 58 73 82 98
00000769,30 47 66
00004388,48 52
00002918,52 58 67 80
00002527,51 70 72 84 85 87 96
00001614,8 50 85
00001672,9 58
00004343,11 47 57
00001403,10 37
00006334,51 89
00001018,52 58
00003446,15 58 84
00000902,48 66 94 96
00003261,41 44 48
00003125,48 59 70
00003488,8 44 52 67 89
00002146,47 73 87 91
00006498,8 39 58
00003432,37 48 94
00006524,10 22
00000169,14 37
00000209,47 59 70
00003348,8 31 89
00002863,46 52 58 70 84
00004097,3 8 67
00006449,9 73 82 84 94 95
00003680,5 8
00000014,46 71 84
00004156,14 37
00001549,8 41 80
00001867,8 48 82 84
00003914,37 58
00000540,37 48 52 64 87 89
00000915,47 66 84
00000434,44 49 66
00001954,17 47 73 89
00003271,37 48
00003360,5 52 73 82 85
00006364,40 48 70 87
00001330,14 50 52
00002932,37 46 65
00003891,10 13
00000895,58 70 84
00001049,24 52 58 73 80
00006681,11 39
00003906,48 72 82
00000603,52 66 73 80
00000655,47 70 76 95 98
00000742,8 37 52 54 58 95
00002928,49 70 72 87
00004268,11 48 70 95
00000375,37 51 89
00001536,44 48
00002287,44 58 0
00006668,6 8
00001474,47 66 73 89
00001038,8 30 37
00006860,85 98
00001834,52 70 84
00001458,24 41 44 49 52 67 89
00002474,25 29 36 82 101
00002003,58 64 84 95
00004288,50 52 59 70
00000816,10 30
00000214,52 65 87
00003617,8 46 70 84 87
00003164,48 66 84 87
00003785,3 5 8 25 30 38 41 44 52 58
00004067,24 46 59
00003141,37 50 70 84 94
00001464,41 58 73 80
00001583,54 58 59 87
00000036,5 57
00001417,48 58 65 87 93
00003650,46 52 58 93
00003772,8 10 81
00001838,37 48 70 89 95
00002659,8 48 88
00006478,49 93
00003328,30 58 0
00001179,14 44
00006706,21 24 47 49 73
00002558,48 70 87
00003518,37 54 58 84 89
00000016,37 54 93
00003720,48 66 70 96
00003276,48 70 84 87
00006791,52 53 65 82 89
00006382,12 29 39
00006394,37 54 96 99
00000481,71 80 89 93 94
00002692,9 29 58
00004068,48 70 76 84
00000106,4 8 13 30 58
00003634,56 58 65
00001154,48 52 88
00002971,8 59 61
00001484,32 67
00004155,8 30
00003309,3 46 50 58 73 80 0
00003744,30 67
00004195,48 64 87
00003915,48 66 76
00001922,48 52 66 84 95
00002993,8 10 30
00003059,90
00006503,48 93 98
00001750,8 30
00001515,8 10 30
00003646,8 46 58 64 72 84 87 93
00001113,47 65 72 84 87 101
00000746,48 65
00004100,56 59 70
00004009,8 46 58 73
00004157,30 58 89
00002271,56 58 66 73 87
00000682,48 58 73 82
00001093,12 48
00004285,37 48 91
00000309,46 66 76
00004008,10 31
00003721,67 70 84 87
00003852,47 70 84
00000738,5 50 72 94
00002319,5 15
00000763,51 70 84 95
00001019,5 39 52 89
00003228,48 65
00003198,54 65 84 87 98
00001094,9 47 58 82
00006846,9 36
00001357,48 70 84
00000121,12 36
00000783,48 72 84 87
00001647,46 77 84
00003784,47 52 70 84
00002349,3 46 58 73 80
00003802,48 52 58 59 80
00004342,13 58
00002203,10 37
00003055,49 52 67 73 89
00001815,52 58 84 88 89
00006526,15 29
00001641,5 15
00000663,3 57
00006391,70 84 90 93
00002078,21 48 64
00000179,37 46 54 87 89
00000027,48 66 96
00000750,24 47 98
00002867,48 52 84 96
00002043,3 9 46 58
00000550,30 32 42 52 84 87 89
00002728,73 80 84
00001540,9 48 52 58 59 80
00001521,48 64 70
00001392,46 73 80 89
00003923,48 70 72 96
00004058,52 65
00001468,47 82 96
00002920,49 70 73
00000876,12 29 30 32
00002953,13 25 31 49 67
00003739,39 58
00001413,39 52
00003896,49 67
00003818,12 29 30
00006582,34 56 89
00001326,48 52 73 80 82 0
00003723,48 70 84 89
00006569,55 59 73 80
00000649,52 84
00003588,14 16 37
00006667,6 81
00002679,48 70 84 0
00003339,47 48 64 87
00000430,24 58 73 80
00002039,24 66
00003834,84 87 90
00003480,10 31
00004185,12 22 25 44 58
00001482,8 10 31
00003529,24 49 73 82
00006722,68 92
00006419,58 89 98
00006433,34 45 89
00006549,25 51
00002533,48 66 84 93
00001783,21 49 70 93
00000138,48 50 77 0
00001680,44 52 78
00000859,3 46 47 58 73 80 93 101
00002549,8 30
00001162,9 35 73 82
00002092,47 52 70 71 96
00002795,51 70 84 95
00001951,8 11 52 58
00001881,46 65
00002665,48 66 89 94 96 101
00002343,10 30 31 32
00006289,11 66 81 93 94
00002448,47 59 70 89
00000596,49 52 58 84 88
00000128,56 67 73 82
00002767,48 84 88
00000976,14 46 57 70 73 80
00001530,47 56 59
00001440,8 10 30 32
00001547,8 37 54 70 76 84 85
00001790,11 37 54 87 93
00006287,1 4 58
00000371,67 87 89 0
00000423,11 18 46 80
00000009,47 84 95
00001264,13 30
00002431,1 49 52 72 84 87 88
00002683,46 84 87
00001652,8 46 87 95
00001971,48 66 83 87 95
00004126,48 73 89
00000388,47 70 84
00000344,44 48 73 76 87
00006388,46 76 98
00002307,70 87 101
00006513,8 10 36
00001956,48 64 73 91
00000839,67 73 80 84
00006314,8 10 31 34
00003262,48 52 87
00000359,46 70 84 89 98
00003990,5 8 72 73 79 82 83 94
00001158,82 93
00001668,24 30 58
00003677,46 59 66 70 84
00003920,51 59 84 85
00001347,73 82 93 94 101
00002990,30 62 84 88
00004103,47 65 73 94 96
00006573,56 68
00001446,24 27
00006850,35 46 70 93
00002383,48 50 87
00001944,8 30 58
00003014,51 59 70 77 84
00000324,8 72 82 84 88 94
00002703,48 65 87
00003357,24 52 58
00002190,58 67 82
00001663,3 46 58 59 80
00000616,8 84 88
00004295,3 58 80 93
00004040,58 61
00000264,46 58 70 87
00001847,8 44 89
00000917,48 80
00006332,41 45
00003655,10 30
00003777,48 87
00001457,9 11 46 58 73 89 92
00004284,37 46 52 56 85 96
00002118,10 30
00000544,47 84
00002573,30 67
00006848,40 58
00004113,8 50 73 87
00003408,46 58 70 72 84 87 88
00002540,47 70 87
00006779,5 17
00006420,36 47 71 85
00001285,35 38 47 58 73 94
00000097,10 52
00003236,4 5
00002557,48 72 87 0
00003294,49 70 95
00002402,8 12 30 58
00003791,46 66 84
00006369,9 47 98
00001308,67 76
00001810,8 50 89
00001573,46 70 95
00004255,21 48 70 77
00002799,48 65 84
00003298,10 44 54 84 89 94
00000880,8 10 13
00006488,9 19 67
00000828,46 52 58
00003872,48 70 84 87
00006843,45 56 65 82
00000252,12 30 34
00000965,52 53 56 66 87
00001435,31 67 70
00003157,37 48 52
00002828,37 54 73 84 85 89 93 98
00003538,5 8 30 32 89
00001719,14 46 70 96
00000819,48 52 67
00001984,46 70 72 73 87 89
00000865,3 46
00001861,48 66 84 89
00001139,9 10 30
00003770,48 52 58 64 87
00000511,41 52 65 73
00001044,48 58 73 76 80
00001946,9 49 52 58 73 80
00006647,14 25 40 84 89
00002232,46 52 70 96
00006348,10 14 17
00003798,57 73 93
00001950,10 30
00000959,10 31
00003042,47 59 66 73 93 94 96
00002556,47 70 95
00002050,37 54 73 87
00001937,3 11 52 94
00001052,47 66 84 0
00002729,52 67 73 89
00006489,5 17
00001858,5 25 52 89
00001607,48 70 77 80 84 102
00001222,58 64
00006676,3 5 8 17 31 36
00006636,25 80
00002511,48 84 91 101
00002217,3 47 52 58 73 80
00006460,8 36 58
00000174,9 10 16 44 89
00003804,48 52
00006744,30 40 42
00002201,5 13
00001631,48 65
00002852,48 59 65 70
00001362,54 58 87
00001136,48 59 66
00003124,47 66 87 94
00002258,37 47 89
00006499,34 56 80 89 93
00003344,48 66 70 87
00000685,45 49 67
00000083,52 76 82 87 94
00002685,47 70 84 93 101
00001649,46 70 87 98
00000467,10 29
00001754,14 37
00003088,47 67 82 89 93
00002122,54 56 73 82 91 93
00000519,9 48 58 65
00000498,46 52 58 71 80
00001808,51 69 70 93
00003869,9 48 58 73 80
00001735,54 66 73 84 89 98
00002641,25 40 41 67 70
00003787,47 65 95
00003638,24 49 58
00002447,46 70 84 93
00000266,3 46 58 73 93
00001152,5 84 87 90 94
00001813,5 84 0
00002776,24 47 58 84 101
00006540,14 37
00006403,20 34 66
00003441,3 46 49 52 58
00003036,48 52 70 84 85
00003096,41 67
00001498,37 48 66 89
00001797,48 66 87
00003547,49 52 58 88
00003692,10 25
00000441,31 58
00003783,46 73 87
00001888,50 70 84 96
00006331,56 71 90 94
00001770,64 73 87
00003352,8 37 44 59
00002412,52 82 84 94
00003629,48 66 84 95
00000762,48 59 93
00003327,46 59
00000967,37 46 52
00002150,65 84 89 98
00004176,46 52 72 89
00001513,10 32
00002044,46 59 70 73 89
00006520,17 41 58 0
00004306,21 46 70 89
00001375,48 57 84 88
00004381,8 67 84 96
00001003,8 37 67
00002588,56 85
00000824,5 13
00006615,45 48 59 82 93
00000743,47 48 65 96
00002585,8 54 59 70
00001865,46 70 84 88 91 93
00001564,8 50 59 70 73 80 82 84 93 94
00003895,10 41
00004339,8 46 70 84 93
00002453,48 70 84 96
00003856,12 41 42 44
00000709,37 46 87 89 101
00002390,46 50 82
00000444,3 46 73
00003673,51 67 87 95
00001077,47 58 87
00003853,37 48 70 84 87
00000690,46 70 87
00003678,52 66 73 84
00001903,46 48 84 87
00006858,11 44 46 49 52
00001201,9 46 70 85
00003927,5 49 54
00002604,24 29 32 67
00006399,14 78
00002735,48 59 66 87
00006845,12 30 40
00002213,52 58 73 93
00001207,49 89
00001202,8 73 82 84
00003238,8 46 58 80 93 94
00003471,4 8 10 30
00004224,25 73
00004004,47 65 96
00006631,8 36 48
00000645,54 73 89 93 95
00002427,24 44 50 70 73 94
00000480,14 47 59
00003737,28 46 52 58 80 82 0
00002273,3 46
00003005,3 48 52
00002545,15 59 67
00000853,9 24 29 47 49 58 80
00003581,30 52 58
00006773,48 81 89
00006402,8 36
00003481,32 67
00001322,46 59 70
00002544,54 73 80
00003355,15 37 80 82 94
00002718,47 48 95
00000054,5 8 84
00003420,46 84 89
00000972,10 30 32 46 58 59 80
00004326,11 47 52 59 71 77 78 89
00002819,47 52 82 89
00001115,64 66 73 89
00002424,8 84 88 89
00000829,52 67 70 73 88 89
00002113,24 50
00002505,8 24 73 82 84 88
00003970,8 30 32
00006577,32 34
00000342,8 41 58 73 84
00003576,46 82 84 91 93
00002772,71 73 93 94
00000285,16 46 58
00002670,49 85
00003809,5 48 65
00000698,48 58 59 70
00001184,3 9 46 50 58 73 80
00001191,48 59 70 95
00002672,3 8 37 48
00000150,8 10
00000808,48 84 93 96
00000594,48 70 72 87 96
00004394,46 65 73 89
00001789,5 8 73 80
00002373,5 48 52 88
00003085,3 46 58 82
00002538,52 73
00003451,13 48 66 84 87 94
00000295,57 84 88
00001397,46 50 70 92
00004117,10 13
00001726,80 84
00000377,51 59 70
00000697,8 84 88
00001262,46 70 84
00003315,46 52 59 70
00002429,58 70 95
00001062,50 84
00000705,48 73 87
00003099,46 66 84 87 93 98
00002306,8 54 55 70 84 89
00006655,9 90 94
00003265,30 58
00001625,8 30 40
00004252,37 47 70 73 82 89
00002499,65 67 73 77
00000804,33 58
00000250,3 46 50 84 89 93
00001683,48 70 76 84
00000866,48 58 70 87
00004248,46 70 87
00004063,54 89 96
00001930,51 70 85 89
00000163,48 49 66 87 93 96
00003009,24 46 93 94 96
00002231,54 70 84 95
00002345,48 66 87
00006770,79 102
00000863,73 82
00000704,30 34 40 44 52
00001993,11 51 85
00002699,48 66 82 84
00002917,46 66 87
00004319,46 58
00006565,12 81
00000159,48 59 70 84 94
00002342,8 10 32
00003967,46 70 84
00000110,54 70 72 84 87
00001209,48 80 101
00001541,8 24 37 48 80 84
00002814,9 35 94
00006688,3 34 37 73 83
00002298,13 58
00001387,9 54 70 84
00001650,52 68 73 84 87 0
00002938,48 87
00002465,3 8 37 89 0
00002994,52 88 89
00003728,48 70 87
00001817,10 31
00000075,4 10 24
00003793,4 8 10
00000262,18 48 67 87
00002193,72 84 88
00000536,54 66 72 84 89
00006303,69 89
00000068,9 14 52 58 73 93
00002620,30 32 58
00003751,25 67
00000999,50 73 80
00002176,12 30 41
00006634,20 22 52 87 93
00003120,50 58
00003349,10 25 29 44
00004089,37 54 84 89 96
00001337,8 10 30
00002752,47 52 89
00006754,40 45 89
00000466,46 56 66 93
00003283,28 66 73 93
00000478,10 15
00002354,61 82 89 94
00000984,52 64 87
00006840,47 68 88 89
00002230,47 66 96
00003204,50 73 80
00003220,11 46 84
00006554,56 79 89
00001359,47 73 82
00006556,27 67
00002252,48 73 87 91
00000340,37 48 76
00004030,29 30 31
00002305,37 46 89
00000236,28 73
00003197,48 52 58 73 89
00002893,70 73 87
00003249,47 73 80
00003893,29 48 52 67
00002897,87 94
00004399,47 64 67 85
00001399,9 41 58 73 80
00006511,14 37 45
00000626,11 52 67 89 94
00000045,48 58 59 73 93
00000065,14 37
00000041,37 54 85
00002476,8 30 32 67
00000599,52 58 82 84 88 89
00000979,48 52 65
00000367,8 54 80
00004328,48 64 87
00000985,5 52 73 89
00002064,52 67
00000914,8 10 41
00004233,48 65 84 87
00003119,8 31 44 58
00000445,47 58 91
00001032,30 46 52 66 95
00001531,46 52
00001751,54 70 84 89
00001028,24 52 56 76
00001645,37 58
00001904,47 65 87
00003405,46 70 84
00003606,46 58
00000588,46 70 87
00001920,3 9 46 58 80 101
00003234,52 66 93
00001651,30 58
00003458,13 58 81
00000712,47 48 70 87
00000877,48 69 70 72 84 87
00006707,18 46 66 88 89
00001442,37 54 70 77 84 93
00001366,3 47 52 73 87 98
00002363,47 70 72 73 87
00002100,8 33 54 67 89
00003857,48 66 76 84 88
00000482,46 59 70 85
00003453,44 57 71 89
00006782,22 38
00006412,5 17
00000188,52 58 73 80
00006716,14 36
00003235,9 49 52 58 89
00001143,37 47 89
00001050,84 91
00002355,9 24 28 58 73 89
00001004,37 48 73 80
00002507,47 58 70 72 84 87
00006294,14 27
00000739,48 66 82 85
00000793,8 41 47 58
00000504,47 70 87
00000973,8 43
00000522,37 48 65 73 80 91
00001039,5 8 88 94
00006746,8 9 59 98
00003046,9 58
00003178,46 70 95
00003281,65 72 73 87 89 93
00000203,48 87
00002784,30 58
00006322,58 81
00006522,85 98
00002972,5 24 49
00006442,19 85 86
00000391,3 46 58 80
00002909,47 58 73
00000838,8 73 83 84 85 90 94
00000996,37 96
00003835,8 48 87
00003421,49 59 84
00004382,24 47 84 94
00003513,67 84 89 93
00002675,47 59 70
00006819,14 44
00000293,46 52 89 94 102
00006379,40 47 76 89 93
00001321,48 64 66
00004359,47 70 84
00000562,24 36 58
00002907,48 70 87
00001592,48 57 89
00003729,1 5 13 30 41
00000589,37 56 65 95
00001852,48 66 84 87
00000184,8 52 67 70 80 95
00002824,50 52
00003733,46 84 87
00002314,46 70 87
00006430,15 36
00001996,47 70 84 96
00001605,14 46 52 89 93
00003064,46 58 59 70
00006437,39 58 89
00000906,5 13
00000832,4 8 30
00002218,47 58 73 80
00000928,47 89 96
00000038,15 30 37 89
00004145,24 29 67
00000215,8 32
00003364,37 52 73 93
00006805,18 79
00004007,52 72 73 83 84
00000640,32 67
00002725,48 66 72 76 84 87 96
00002138,49 64
00003647,24 49 52 58
00001963,31 49 61 67 73 82
00003422,46 58 73 80
00002445,46 84 87
00002715,48 73 80
00001486,10 31 89
00003117,12 37 73 89 94
00000382,31 58
00002247,11 49 52 89
00006415,52 54 89 94
00006807,31 33 36
00003292,13 44 58 67
00003551,47 52
00001780,31 33 41 42 43 44 67
00006418,12 17 29
00001367,48 52 73 80 82
00002812,46 58 70 84 85
00001414,10 29 30
00003867,50 73 80
00003854,8 48 52 73 80
00003951,46 52 59 70 0
00003651,28 48 52
00003040,69 84 91 92 94
00006570,66 67 89 90
00000279,8 25 58 82
00000955,29 58
00001717,3 37 54 82 85 87 95 96
00000801,57 58 89
00003786,54 73 82
00003885,46 70 84 88 91 93
00000882,13 67
00002033,32 0
00003473,46 66 84 96
00002440,8 72 82 84 85 88 94
00000583,10 30
00003231,37 50 73
00003702,46 59 70
00006789,1 5 9 15
00002732,48 52
00000831,46 70 84
00004355,30 46 71 77
00000170,5 52 101
00002084,48 65 87
00000190,47 70 72 87 0
00002393,48 66 87 101
00003767,46 58 73 89 93
00004125,29 58
00001502,8 30 32 58
00002519,10 32 37
00000080,9 41 58 73
00000247,28 37 46 52 58 80
00004278,17 48 71 73 96 98 0
00000980,49 56 58 59 70 89
00000797,9 46 49 58 73 80
00003337,5 8 50 52
00000049,72 82 84 87 96
00003080,24 44 49
00001814,52 84 89
00006740,36 47 70 87
00001982,47 72 84 93
00001824,13 58
00006343,10 13 67
00002381,3 37 52 54 73 80
00001319,51 70 80 84
00001149,8 48 67 73 80 82 93
00004204,73 96
00001660,46 50 84 89 0
00000363,3 47 52 66
00001674,51 58 70
00001409,46 70 84
00000006,49 52 59 70 84
00000726,16 37 58
00002789,5 24 58
00002627,52 82 84 89
00003687,11 50 57 58 89
00002941,14 29 30
00003590,8 9 58 73 89
00000390,24 46 58 93
00001300,37 67
00001841,31 58
00003443,48 52 66 72 84 87 96
00003813,50 52 64 85
00002884,11 48 52 66 70 77 84 95
00001517,3 46 58 80
00002581,47 70 72 87
00000107,51 52
00003789,46 59 70 84 87 95
00000297,25 62
00003379,54 70 84 96
00001665,51 70 84 89 95
00002569,48 64 73 80
00001365,48 66 73 95 96
00002587,48 58 80 82 84
00000758,8 30 33 41 58
00001056,24 49 59
00001667,30 41 45 89
00002483,3 52 66 70
00006827,10 17
00001219,47 58 67 82
00003902,58 73 80 98
00001883,8 52 54 73 80 83 84 88 93 94
00000130,24 58
00000237,14 44
00001562,37 49 56
00000269,56 73 80
00001211,13 48 52
00000775,10 31
00006506,5 22 38
00006693,35 39 47 49
00000526,24 46
00001341,15 24 54 58 89
00006812,78 80 101
00006841,25 40 41 42
00003539,52 76 82 83 84
00004266,12 30
00000313,46 70 87
00001146,8 28 46
00001491,8 31 41 0
00003134,8 10 30
00003775,47 66 87
00000520,67 73
00006480,18 66 89
00004148,14 37
00006751,68 77
00003875,52 82 84 90
00001934,46 65 70
00003170,48 66 87
00004085,48 73 90
00001899,11 28 48 58
00003842,37 48 58 59 80 93 0
00001514,3 52
00001460,4 10 29 33
00004323,10 13
00004380,3 8 84 88
00000842,25 48 59 87
00006515,9 40 49 80
00001426,24 44 49 58
00001692,46 66 87
00001574,8 73 94
00002749,54 70 89 95
00004191,52 58
00001823,12 30
00001476,9 66 73 89 93 96
00003890,48 59 66
00001315,47 70 84
00001239,3 47 58 73 93
00002142,46 52 73 82 89
00000799,52 54 70 84 91
00000355,47 64 72 87 89 98
00003656,12 73 89
00006486,22 25 67
00002022,3 46 49 52 58 82 93
00000622,8 48 73 89
00003418,12 29 44
00004075,8 56 88
00006632,37 40
00006313,37 40
00002516,46 52 58 73 80 93
00000995,48 52 66 96
00002099,51 58 84 96 0
00006689,5 59 81
00006633,8 10 36
00003542,46 70 96
00004149,37 67
00004036,48 66 73
00000248,46 70 84 93
00002049,48 59 70
00001253,46 87 94
00000460,48 52 66 70 84
00001216,9 47 66 85 87
00002183,46 70 73 96
00000778,8 48
00000383,10 30
00006362,8 27 52 67
00004259,22 48 67 72 84 87 89
00004138,54 87
00001941,49 58
00002773,52 85 94
00003072,10 25
00006650,8 49 58 80 87 94
00006466,5 20
00001223,37 58
00006708,81 82 87 93
00000510,46 70 84 93
00004049,48 59 87
00006821,15 34 0
00001508,8 30 32
00002740,12 30
00000440,46 70 80
00003748,56 58 73 89
00003586,51 58 84 90 98
00001305,25 44 49 89 93
00001394,9 49 70 80 82 93
00004307,46 70 76 87 101
00004042,3 52 94
00002503,46 70 87
00000094,3 46 52 58 80
00000798,47 70 84 85
00003862,47 59 73
00006519,79 94
00003437,20 30 58
00002294,58 73
00003438,50 52 72 84 87
00001493,37 54 58 67 87
00000827,52 67
00004192,24 49 52 67
00006438,10 13 20
00006389,17 47 70 73 96
00002788,47 70 87 101
00003945,44 48 76
00001957,47 70 84
00006593,9 27 52
00003887,47 70 71 72 84 101
00001344,48 87
00003266,48 59 66
00001212,5 8 73 89
00004370,8 46 73 87
00002048,46 67 84 89 95
00002034,37 44 48 66
00001336,5 13
00000218,47 66 84
00000397,48 59 66
00003274,44 47
00003807,8 25 40 41
00003343,28 46 58 59
00000335,46 70 84 91
00006711,40 48 89
00002739,5 41 58
00001483,14 37
00001274,46 58 73 80 93
00003741,54 66 87
00002954,48 66 67 72 84 87
00001906,46 70 84
00003477,8 46 58 71 93 0
00003732,8 73 84
00002779,23 52 73 82 93
00003808,46 59 70 89
00000402,14 25 37
00001582,8 32
00006405,18 66 73 80 84
00003561,48 59 77
00002657,11 52 54 95
00001156,8 10 31 52
00001546,47 48 70 87
00003317,8 21 46 59
00000084,28 54 58 73 80 93
00003877,8 58 84 87
00003697,28 47 67 73 89
00006536,12 40
00000912,10 31
00006718,1 5
00003830,3 52 58 80
00001345,46 70
00000433,48 59 66
00002658,47 52 85
00000060,3 28 52 73
00001080,71 73 93 94
00003582,8 30 40 41 42
00001193,46 70 87
00000587,21 52 66 87
00002748,5 8 31 89
00002165,47 70 87
00001040,14 40 46 58 73 80 82 0
00002472,46 70 96
00002562,8 48 72 84 87
00003118,48 52 67 84
00000033,46 52 76 77
00001713,24 58 85 94
00002786,58 64 80 85
00006309,66 68 87
00004324,30 44 49 58 89
00001026,46 65 89
00006483,10 36
00000429,52 73 85 94
00003485,13 58
00003829,58 64 84
00000977,8 32 42
00004392,48 73 84 87 88 89
00000183,8 70 89
00000316,54 58 84 89 94
00003753,52 73 84 0
00003952,50 52 58 66
00002011,46 52 70 96
00003450,46 66 82 84 85 93
00003944,48 66 84 87
00003922,21 50 58 66
00001461,9 28 30 49 58 87
00004218,5 8 73 84 88 94 96
00003280,46 70 87 101
00004078,5 16
00001205,17 52 58
00006712,9 68 76
00000450,24 70 96 101
00002607,47 70 73 80
00000448,47 58 84
00003799,65 73
00003670,58 73 80
00001217,48 70 82 84 87
00003979,48 87
00003870,29 30 58
00006467,5 17
00002400,37 54
00006560,9 40 80
00002070,46 58 70 87
00003674,48 52 84 88
00006472,5 13
00002019,12 25 29 41 89
00003591,48 73 80
00002368,30 41 46 58 73 80 0
00001854,46 70 87
00002631,47 72 81
00002839,30 50 67 73 89
00003424,48 70 84 87
00002894,66 67 73 82 89 94
00001132,25 52 58 81 0
00004329,52 58
00003372,11 37 54 70 89
00006285,8 10 22
00001825,47 58 73 80
00003180,51 52 85
00000326,5 13
00004141,5 8 37
00003574,37 52 58
00001481,54 73 82 87
00002552,47 70 84 96
00001170,47 52 67 72 87
00000186,10 37
00001452,8 30
00004249,70 82 83
00003493,8 24 73 77 82 89
00002904,41 48 87
00002874,8 58
00002593,12 30
00000926,9 49 52 58 73
00002334,9 58 73 89 93 94
00002359,57 73 76
00000472,3 46 52 58 70 87 89
00000427,3 48 58
00006808,52 68 89
00000921,9 58 84 88 90 98
00002967,41 50 58
00003427,37 47 70 85
00001380,37 52 67 73
00003556,8 46 47 59 70 93
00002297,8 29 30 44
00002376,35 67 73
00006446,18 49 66
00000064,52 62
00000272,71 73 93 94
00001877,58 82
00003889,49 52 70
00003953,54 70 72 84 87
00002922,47 66 81 82
00003464,9 37 53 54 58 73 80 93
00002466,9 73 82 87 94
00000868,8 48 72 84 87
00001561,46 58 73 80 84
00004386,46 59 64 73 89
00003326,5 30
00000571,54 59 73 87 93
00003610,37 48 70 72 84 96
00006504,15 36
00001923,8 30
00006440,1 5
00000078,24 66 73 80 102
00001947,48 52 67 73 80
00000867,52 72 76 82 84 87 90 94
00003293,47 64 96
00006584,8 17 48 89
00004334,10 30
00003462,3 46 52 58 82
00000787,52 62 87
00003129,47 58 87 94
00000134,47 70 84 87
00000137,58 65
00003983,56 65 89
00004211,51 52
00001001,48 59
00002651,9 49 58 70 95
00006788,1 5 9 15 22
00000854,17 48 84 87 89
00003067,24 64 84 89
00001151,3 21 47
00002237,24 46 95
00002428,8 37 71 78
00003371,58 84
00000126,44 52
00002594,5 41
00000157,48 66 72 84 87 0
00001316,14 44
00002160,52 58
00000770,44 48 73 87
00001384,8 9 73 84 85 87
00000361,58 59 67 80 82
00000338,54 73 80
00003548,46 84
00003645,47 70 73 84 96
00002965,9 46 58 73 80 93
00002248,10 32
00003603,10 30
00001428,37 52
00002423,1 5
00000103,51 70
00006421,5 13
00002351,24 58
00003973,8 10 30
00000358,46 67 73 82 89 93
00000321,48 66 70 84 87
00001242,46 67 70 73 96
00000092,48 66 84
00001060,48 70 89
00000650,9 24 47 52 59 76
00000015,54 84 87 96
00000674,37 48 65
00000805,10 13
00002147,8 11 52 66 67 73 89 93
00003978,47 70 84
00002811,46 70 84 85
00006713,49 55
00004373,8 9 28 35 58 73
00002485,30 52
00000105,24 73 85
00000708,8 25 30
00001325,46 59 84
00002892,10 31
00003325,24 32 58 67
00001606,46 65 84 93 95
00003742,51 84 93 95
00000461,54 70 84 87
00003762,61 73 89
00006826,43 45
00004028,48 59 85 89 95
00003882,82 84 88
00003844,46 52 82 84 89
00006425,55 65 76 89
00003403,48 82
00001737,5 58 84
00000632,48 66 76 96
00001940,30 37 42 49 58
00006748,5 13
00003087,58 59
00004208,48 66 84
00001991,52 83 84
00006702,66 68 96
00003457,8 72 84 87 88
00006749,13 58
00003255,48 73 87 0
00006477,9 40 46 58
00002572,73 93 96
00001331,61 73
00006763,37 48 79
00001788,8 82 84 88
00002930,48 52 87
00001764,46 70 81 84 91
00004350,48 73 82
00003263,73 76 94
00003313,5 52
00000003,48 84 85 87
00003463,58 73 102
00002236,3 11 44 47 52 95
00006653,5 22 26
00001960,3 46 58 73 80 82 93
00000864,47 70 84 85
00006533,10 13 44
00000308,52 62
00006855,11 14 36
00003361,24 52 73 82 84 88 94
00003382,14 30 34
00002450,46 64
00006411,68 89
00000886,11 47 73 80 82
00003074,8 30 31 33 52 58
00002063,30 34 42
00001494,47 58 70 87
00006339,65 69 73
00001288,11 24 49 52 58 66
00000724,11 46 58 94 0
00003030,3 8 31 96
00006500,50 81
00000289,48 66 72 84 87
00002347,8 10 11 0
00003858,46 70 79
00000933,11 67 87
00003554,44 73 93 94
00001596,67 89
00006310,47 80 81
00000848,66 87 101
00000303,48 66 96
00004105,11 30 37
00006778,12 17
00000220,47 49 59 78
00001351,76 78 84 93
00002902,24 70 73 87 98
00004080,32 40 89
00006494,26 48 81
00002512,8 67
00006424,66 68 85
00004258,46 67 84
00004384,14 44
00002348,12 30
00004251,24 49 70 93
00006622,12 36
00002270,46 58 82 93 0
00003782,10 25 38
00000039,58 73 89
00003003,9 52 58 70 73 82 98
00003417,10 37
00003331,61 85
00003706,37 54 66 84
00004158,48 65 101
00001872,8 30
00003527,37 46
00003975,8 11 54 89 0
00006616,10 37
00002550,3 24 52 58 67 80 82
00006336,84 89 90
00002491,5 8 37 53 54
00002570,16 49 58 94
00006409,49 70 80 84 93
00004316,5 8 30
00002185,9 28 56 59 80
00003289,48 50 58 80 93
00004246,46 70 95
00002414,46 70 72 73 87
00001140,48 64 70 91
00001911,46 70 95
00001313,8 10 13
00000127,10 30 32
00001462,3 61 84 88
00000707,8 47 48 52 58 70 80
00002704,3 52 84
00001160,47 72 84 87 90
00002140,48 70 87
00006730,49 65 87
00002369,48 50 65 87
00006429,5 17 26
00001301,37 54 66 87
00001879,10 29
00006669,55 65 71
00000658,9 54 64 87
00000807,32 52 67
00006380,10 40 89
00004082,47 73 80 84 89
00000189,48 52
00003336,30 32 52 67
00002152,58 66 87
00001642,8 52 58
00003431,46 52 66 84
00000643,9 49 73 82
00001609,48 84
00003416,46 70 84 91
00001487,5 11 37 41
00003226,46 52 70 87
00003478,46 58 59 73 80 93
00001011,46 58 73 80 93
00003719,56 65 87
00002093,12 30 44
00002758,10 37
00003931,9 24 37 47 73 89
00006417,40 47 52
00001762,46 57 70 73 89
00003738,5 59 81
00002181,3 58 94
00004241,46 50 58 80 96
00003750,57 80 82 84 94
00003487,41 58
00002765,51 52 89
00001441,46 65 84 87
00003501,8 46 70 84 87 101
00003908,8 37 54
00001312,10 37
00001232,5 13 24 58
00002338,10 30
00002860,52 54 82 89
00000954,48 52 88 94
00002890,14 29 34
00003831,8 48 84
00006368,8 27
00000636,35 54 70
00001832,8 30
00003696,21 54 73 94
00003324,3 8 9 46 52
00001095,50 66 98
00000785,44 46 58 67 73 80
00003604,33 67 89
00002486,37 54 70 95
00002205,24 50 67 70
00003560,8 30 32
00001236,25 57 58
00003094,33 37 48 73 80 94
00002698,8 48 67 73 82 89 93
00000405,11 47 65
00000635,44 58
00003015,8 45 52 67 0
00003018,8 30 32 89
00001131,34 37 47
00001646,8 10 30
00001658,48 65 87
00003621,8 32 58 89
00002388,47 48 59
00000346,4 30 58
00001430,10 29
00002199,46 70 84
00003490,8 47 87 91
00002633,37 46 58 59 73 84
00006800,17 28 44
00003109,8 50
00006329,24 47 65 80 92
00002571,10 30 34
00002384,47 70 84 87
00002738,25 52
00003726,48 52 73 87
00002023,48 52 59 64
00003104,47 52 59 70 87 101
00001679,8 54 70 73
00004367,46 52 58 82 93
00003988,8 10 30 42
00006485,46 85 89 97
00004366,5 9 32
00001318,17 25 52 84
00002615,8 46 70 87 0
00004120,8 48 52 82
00002284,8 10 30
00002128,46 70 101
00000278,46 52
00004027,50 67 84 87
00001728,3 46 58 0
00001643,8 67 73 80 82 0
00002074,37 47 66 87 89
00001070,44 46 52 73 89 93
00001334,4 12 30
00004223,8 40
00006745,36 67
00002869,8 30 44 52 67
00001119,9 51 77 84 87 89 0
00001710,17 22 25 39 41 52 57 68
00001972,34 37 48 84
00003039,8 48 66 95
00000416,3 46 73 80 82
00000817,28 37 50 52 73 91
00000553,47 59 70
00003402,10 30
00003163,48 50 66 84 87 88 95
00002691,22 38
00000818,46 65 95
00001324,52 70 87 89
00004376,11 31 37
00002590,2 30 58
00000800,10 31
00001277,50 66 87
00004265,47 70 87
00003981,10 17 30
00002335,49 58 64
00000175,24 48 52 58 73 80
00003878,8 10
00002781,46 70 87
00004389,48 58 73 80 93
00000634,37 48 84 85 89
00000754,14 37 0
00002500,48 58 59 70 72 84 87
00002067,46 70 82 85 89
00001031,9 37 54 82 84 94
00002769,43 46 58 89
00003917,44 50 52 58 73 80 81 94
00003435,37 56 89
00001021,35 46 70 84 90
00000971,10 30
00001081,52 58 82 89
00000318,9 58 67 70 73 80 82
00002861,46 70 85 89
00002124,3 52
00000294,47 48 66 84 87
00000950,46 70 73 89
00004041,31 52 58
00000282,47 48 64 87
00002719,48 72 80 93
00000809,46 52 65 84 89
00000922,54 59 84 95
00003926,9 10 32
00003932,12 29 44
00003565,8 48 70 72 76 87
00001088,52 56 65 82 89
00000328,4 10
00003537,47 58 73 80
00003963,48 89
00003323,5 30
00001016,46 70 84 95
00006474,9 31 40 41 89
00003919,5 9 49 73 96
00006856,1 10
00003062,8 47 58 59
00002382,76 84 87 88 93 96
00001706,8 47 59
00006772,49 65 94
00002097,3 8 48
00003250,48 70 87
00002405,8 58
00001218,51 70 84 95
00004083,8 61
00003652,32 67
00000497,32 52 67 89
00006365,11 54 55 87
00000987,48 70 84
00000875,46 70 84
00004076,5 10 31 37
00002714,9 46 58 73 80
00004129,28 43 89 94
00003251,46 70 84 96
00006450,9 34 45 50 67
00001842,48 52 88
00003989,5 8 41 49 84 90
00003822,10 13
00000447,30 32 67
00002426,37 65 73 89
00002459,8 13 49 58 80
00002282,17 37 71 82 89
00001007,48 58 66 101
00001811,50 73
00006493,17 58
00006680,37 45
00004035,48 64 73
00002438,48 65 73
00000208,46 70 84
00004144,8 10 33
00002066,12 29 30 32 89
00006684,4 5
00001198,47 52 58 73 80 82
00000424,46 48 95
00002261,48 52 66 72 84 96
00001727,37 54 89
00000903,8 46 58 67 94
00000714,48 52 59 70 96
00000681,37 46 71 89
00003788,51 85
00000392,67 82 87 96
00002864,8 46 70 84 91
00001501,3 54 95
00002194,49 58 73 89
00003992,8 84 87 88
00006859,10 0
00001839,44 54 70 87
00003168,24 46 70 87
00004016,37 52 67 89
00004281,48 70 87
00006628,5 9 35 49
00001524,52 59 67 87
00002025,46 70 87
00000934,50 58 73 80 84 88
00000044,37 42 44 54 73 80 89
00003839,5 13
00000833,48 66 73 82
00003498,9 58 82
00000869,54 66 87 94
00003332,52 67
00002944,8 32 67
00001566,50 57 73
00002123,52 73 96
00002001,48 52 59 87
00004271,14 37
00000436,24 44 58
00004330,61 87
00000788,9 46 70 85
00000142,59 67
00000694,48 66 85
00000213,52 85
00002662,48 84 87
00000961,49 59 70 94
00001745,47 67 84 97
00003740,13 30 32 58 89
00000891,46 81
00000638,48 49 66 84
00002808,46 70 84 93
00001102,14 31 37
00003863,24 73 80
00000122,8 10 30
00000224,8 10 31
00003195,48 66 87
00001267,37 44 48 52 93
00002764,12 29
00002315,30 52 89
00003482,8 72 84 87 0
00002251,8 46 59 70 93 98 101
00000662,48 65 84 96
00003968,37 61 70 84 96
00002567,5 11 25 41 42 44 0
00000904,51 70 84 91 95
00006283,5 8 17
00002833,46 70 84
00004346,67 70 71 93
00006378,82 94
00000407,3 46 58 80
00006428,82 93 98
00000417,52 56 66 73
00002144,48 70 84
00000085,47 71 77 100
00001526,9 13 18 67
00002275,5 48 52 66
00006447,48 49 80
00001550,58 73 89
00001878,56 66 84 93 96
00000350,13 58
00003496,48 66 70 77 84
00000087,29 30 40 52
00006542,31 40 58
00003305,52 76 84 87 88
00002535,48 84 87
00003440,37 48 66 89
00002946,48 70 84 93 98
00003622,46 58 59
00006832,1 81
00001047,24 28 50 82
00002224,10 16
00001369,37 48 101
00003390,3 46 80
00002579,24 31 33 49 52 67
00006509,71 78 94
00002643,46 52 84
00003399,10 25
00003827,44 49 67
00003270,47 66 87
00000748,8 29 84 88
00002862,49 58 67
00000487,4 8 10 30
00006527,12 27
00003796,48 66 87 93 94
00000067,24 54 72 82 84 87 96
00001714,46 80 84 91
00002517,48 66 87
00006658,19 48 66
00006787,17 54 95
00000283,9 30 52 58
00006545,12 34
00002600,48 70 89 95
00003977,10 30 32
00002903,30 33 44
00006619,4 27
00003881,24 48 67 70 73
00003200,47 65 87 0
00001851,10 31
00004045,48 84 87
00002531,48 66 87
00002264,46 66 73 82
00003492,47 52 70 72 87
00000477,24 52 72 80 82 84 91
00000509,48 57 59
00002132,47 70 87
00006458,27 58
00006360,15 61
00001332,8 22 31 67
00000072,37 52 54 56 66 85
00001374,48 67 72 84 87
00006700,35 47 89 93
00001297,46 58 73
00000791,14 48 52 70 87
00001182,47 70 84 87 95
00001097,50 52
00002502,48 70 73 85 89 94
00006581,22 85
00000981,24 44
00001821,9 16 36
00000846,8 87
00004318,32 67
00003368,46 52 59 70
00001429,37 69 70 73 89 94
00000506,50 67 70 80 89
00002091,48 80 84
00004273,46 58 59 87
00001915,3 9 46 58 73 80 93
00006844,51 66
00006358,5 17 19 22 23
00001455,49 61
00004264,48 66 73 76 87 0
00002008,30 58 67
00000167,46 48 72 87 89
00000499,8 10 30
00003901,46 70 95
00003472,50 52 70 87
00000053,3 47 58 73
00003549,61 73
00001617,49 70 84 91
00001190,10 52 70 73 80 82 87 89 92
00003455,25 34 58
00000621,46 73 80 82
00002700,3 9 13 46 58
00006282,37 54 93
00001918,12 31 33 37 89
00002702,48 84 89 96
00003592,9 76 89 101
00000577,46 52 59 70 73 95
00003017,48 64
00000892,47 59
00003828,48 66 87
00001449,9 46 72 82 84 87
00001685,46 70 85
00004153,12 29 30
00002656,37 54 70 84 89
00006587,34 48
00001283,37 54 59 89
00000228,9 14 52 58 73
00003532,50 52
00000496,10 33
00000885,12 89 94
00001917,10 30
00002254,48 49 70 84 87
00006308,35 37
00003394,48 65 87 93
00003745,24 46 66 82 92 93
00001955,46 59 70
00002125,46 52 58 59
00000786,46 70 73 87
00006281,12 36
00000052,61 73 93 94
00002660,48 58 59 66
00006644,18 28 29 34 89 94
00000686,61 94
00003540,44 48
00000432,46 70 95
00002574,32 44 58
00001035,9 82 83 84 88 89 94
00002156,37 57 71 76 89 93 94 0
00002018,5 31
00002274,47 58 65 70 93
00000370,48 73 91
00001188,37 47 70 84
00000930,9 41 47 58
00002454,57 88
00003825,35 50 73 82 94
00000541,9 47 54 58 59 76
00000281,10 13
00001598,8 30
00003032,9 58 59 84
00001853,47 70 87
00003550,30 67
00000777,72 84 91 93
00001553,37 54 66
00002834,48 59 85
00001992,12 32
00002260,14 37 50 52 73 80 93
00004286,11 37 51
00000821,4 8 31
00003864,46 58 70 94
00006597,18 66
00002141,52 64 84 87
00000351,52 56 58
00006319,55 58 71 89
00002148,37 54 70 73 80 82 93 101
00004287,9 22 30
00000931,46 84 91
00002870,10 30
00003954,8 52 66 67 73 89 93
00000158,58 73 76 80 93
00003502,48 58 59 65
00004183,24 50 65
00002228,3 52
00000299,37 54 71 73 85
00002134,10 30
00001034,8 48 59
00000989,56 58 76
00003886,24 48 70 84 87 95
00003563,48 58 65 73 89 96
00000893,48 89 101
00000946,56 66 72 87
00003466,37 56
00004112,30 32 67
00000716,54 66 82
00003667,10 17 31
00001912,8 14 52 73 76 84 85 87 94
00001249,58 59 61
00002887,33 37 58
00003019,46 66 87
00003781,70 96 101
00001836,8 31 58
00000551,58 59 89
00001880,12 17 32 0
00002313,14 37 89
00001913,13 64
00003847,49 61 94
00000251,5 8 84
00006617,1 5
00006806,9 45 89
00003995,52 58 73 94
00003849,54 73 87 94
00000276,52 78
00000703,52 58
00003570,47 66 72 73 87 93
00001622,14 84 89
00002623,48 59 70
00003101,48 66 87
00006317,68 80 99
00002844,8 30
00001684,30 58
00000074,48 49 52 66 70 0
00001558,12 30
00003921,46 70 80 84 88 93
00003962,5 30
00003007,8 56 84 88
00003058,5 52 84
00002891,46 70 84 85
00001998,52 63
00003470,47 81 93
00000706,46 66 76 94
00000958,12 30
00004074,47 59
00006366,54 66 73 85
00001259,8 30 41 42
00004047,30 44 67
00006502,24 76 92
00001061,37 54 84 85 87
00000560,3 48 52 58 80
00002186,50 59 87
00001017,48 59
00001804,29 67
00001340,70 71 82 84 87 96
00003093,5 13
00003984,47 48 58 70 84 93 95
00000364,51 70 72 96
00003406,46 84 85
00001962,8 30 32
00003950,46 73 77
00002256,48 84 87
00006548,11 55 58 71
00002915,65 87
00003159,12 31 37 44
00003468,58 61 73 84 85 87 101
00003334,48 66 87
00004055,11 46 52 58 73 82 93
00000123,30 58
00003138,10 31
00000322,37 51 66 96
00001358,30 56 67
00000508,37 48 73 84 89 93
00003428,24 50 67
00003993,8 52 67 70
00003156,11 47 96
00002030,37 52 67 70 85
00002229,48 52 79 80
00003045,48 59 66 92
00000590,3 50 52 58 92
00001320,38 52 58
00004104,25 29 30 38 52
00000924,9 56 66
00001589,5 9 82 84 88
00001433,51 70 84 91
00000257,58 80 93 96
00003260,37 48 50 52 70 96
00002024,3 67 73 89
00006609,9 10 81
00001620,28 48 49 58 80 94
00002881,8 58
00000226,5 13 52
00001612,48 59 64 96
00002970,8 10 30
00001175,48 70 72 84 87
00002521,37 54 70 73
00000475,5 15
00000442,9 58
00003888,46 58 84 87
00002451,46 66 84 95
00006495,47 55 91 98 100
00004188,8 46 70 73 80 89 93
00002663,37 48 70 85 89 95
00000144,48 87 93
00004173,46 66 72 84 87
00001611,37 48 73 89
00002235,10 48 59 80
00006333,9 11 24 46 80
00003589,3 52 73 76 94
00006824,8 36
00003824,46 59 70
00001465,46 70 84 93 101
00000022,14 25 29 44
00000147,52 65
00006352,70 73 82
00001208,5 44 48 82 0
00006496,15 45
00006475,8 30
00003012,46 64 73 82 84 93
00002041,48 73 90
00006823,36 58
00006818,55 58
00006456,12 36
00001234,4 10 30
00000768,44 58
00006618,1 5
00000040,48 84 87
00000532,24 50
00003948,48 64 70 77
00003395,56 64 87
00006733,14 37
00001637,48 70 76 84
00001974,14 41 87 89
00006613,32 34 38 42
00002117,24 31 89
00006729,68 73 94 0
00000688,35 54 70
00001141,52 83 84 88
00001379,5 14
00001504,48 70 84
00003362,13 44 58 67 82 94
00004240,52 62
00002178,9 28 52 73 89 94
00006767,40 48 52 58 80
00000852,9 46 58 67 73
00006612,40 70
00000693,47 70 82 93
00006476,40 56 89
00003712,46 58 73 80 93
00002857,37 54 73 87 89 91 0
00002613,3 54 73 80
00003717,37 54 87
00002707,33 44 58
00001033,48 66 76 84
00001901,9 47 58
00004154,54 67 84 96
00002868,47 70 84 88 95
00002246,36 58
00001734,46 49 72 96
00000830,24 58 77
00000670,10 31
00002783,58 73
00002053,48 64 80 84
00002755,54 73 81 87 93
00003600,46 64 67
00001931,70 82 84 96
00003594,47 66 70 77 84
00003191,11 48 52 89
00002116,48 70 87 101
00006692,35 52
00003057,8 10 30 32
00001287,52 58
00002090,48 66 85
00000918,51 66 73
00000639,54 66 72 84 87
00002529,65 73 87 94
00000185,58 94
00006608,37 53
00004243,10 25
00003275,48 84 90
00006626,12 34 94
00000529,52 67
00003949,46 66 84 96
00003900,9 46 47 58 70
00000354,48 72 84 87 89
00002197,8 25 31 40 44
00006755,40 49
00000765,54 66 87
00000109,5 73
00006682,11 15 37 78
00004202,37 54 70 73 94
00000913,46 93 95
00000381,8 46 59
00001640,9 30 33
00004015,64 67 94
00004160,8 48 87
00001376,46 70 95
00003607,8 48 59 66 73
00002523,46 84
00000018,55 58 73 76
00001008,73 82
00001172,67 73 82
00003679,48 93 96
00004199,9 11 46 52 68 76 88 89 92 93 101
00006487,75
00003815,48 70 95 101
00001543,24 48 84 87
00004301,37 58
00000611,46 66 87
00000756,10 25
00000000,48 66 90
00002187,47 48 58 66 87
00002494,35 49 58 82 0
00001048,48 59 70
00003569,50 85 94 0
00001862,48 57 71 89
00006555,9 35 47 81 89 93
00001229,49 58
00002108,48 58 73 91 93
00003068,48 52
00003136,37 58
00004111,8 46 70 85
00002611,52 87
00004061,41 50 65 73 0
00006530,51 71 89
00004238,37 58 101
00000091,58 59 70
00002280,37 67 70 82
00004109,47 58 70 93 95
00004133,8 9 73 84 88 94
00002853,5 9 58
00001268,37 48 82
00000943,8 24 46 52 58 94 95
00002916,37 56
00006431,8 10 20
00000862,9 46 59
00001805,48 52
00004189,58 69 71 73 89 93 94 98
00001870,31 52 58
00002080,8 29 30 36 37
00006721,39 52
00000795,5 57
00006629,4 27
00000723,52 73
00004198,13 14 24 48 58 93
00003609,56 59 70 73 96
00001796,3 47 52 93
00003288,8 31 52
00001845,4 30
00003001,8 10 30 32 33 40 42
00006532,20 72 87
00003149,8 30 58
00006760,28 56 89 90
00000079,30 58
00002727,46 70 84 87 98 0
00003817,46 52
00002145,37 67
00006717,8 40
00000814,52 73 82 84 88 89
00001178,37 58
00000898,46 58 59
00002712,37 54
00000245,32 52 66
00003287,8 30
00002378,48 58 59 80 94
00001148,8 48 52 66 87
00006764,48 87 98
00002568,3 15 41 67
00001386,31 48 66 80 96
00003330,25 30 41 52 67 89
00001905,21 47 52 59
00006741,3 5 17 19 22 23 25 47 73
00006725,68 76
00004398,9 37 54 71 84 85 89
00002327,24 41 44 50
00001701,2 15
00004232,48 66 84 87
00002045,10 85
00003598,46 70 94 96
00006691,38 47 96
00002586,64 85 98
00006728,37 48 98
00000582,52 58 89
00002952,51 70 85 95 0
00003620,46 85 93 98
00000507,37 54 70 84 96
00001630,49 70 93 95
00001871,37 56
00003715,52 56 59 70
00000376,5 52
00003013,47 70 84 96
00002352,46 70 87 101
00000597,47 58 70 87 91
00004137,48 65 82
00001626,10 30
00006735,48 66 70
00001275,47 70 87
00000443,48 73 91
00000093,10 30 89
00003091,8 48 58 73 80
00002013,47 84
00002791,10 30
00003246,52 73 82
00001936,24 65 87
00001758,37 48 95
00003112,8 31 47 80 87
00003545,48 70 87
00000771,8 30 52 58
00001803,8 58 59
00006349,56 76 80 94 98
00002760,48 65 87 101
00000749,13 58
00002693,8 10 30
00001916,46 58 70 84 93 96
00001174,47 70 72 87
00002612,48 70 84
00001599,8 31 32 41
00000687,47 59 66
00001230,30 58
00000932,58 80 82
00006436,45 83
00001576,57 81
00003359,9 13 23 58
00001830,9 50 67 73 80 82 93
00000454,52 58 73 80
00000916,47 70 89 93
00006831,24 65 92
00003100,54 59 66 84 87 96
00002626,80 94
00000453,5
00002461,37 48 89
00006839,19 56 66 93 94
00002366,82 84
00003044,9 48 58 70 87
00002650,4 5
00001919,8 10
00001185,37 48 65 89 95
00002525,48 73 80 91
00001328,5 8 58 71 84 88 89
00006361,58 73 84 89 101
00000210,8 30
00001648,13 67
00003672,54 66 87
00006551,13 58
00002987,48 70 84 87 96
00000513,56 58 64 80 84
00003637,10 13
00000231,14 37
00006580,24 73 89 97
00001122,30 58
00000935,9 46 52 58 73 80 93
00001130,48 59 87
00001529,46 58 72 82 84 89 93 98
00000426,25 47 58 77
00006697,46 49 66 76 88
00000710,8 58 80 84 87 89 94
00003937,47 87 0
00006784,49 65 87
00001096,5 44 46 58 80 0
00000063,14 44 89
00000849,10 32 45
00001709,73 77 80 82 87 89 91 93
00003278,46 52 70 96 0
00002741,46 52 70 89
00006704,10 32 37
00000664,11 64 67 70
00004221,47 58
00001214,46 52 58 65 96
00003227,24 49 67 93 94
00001450,54 66 82 87
00002174,47 70 85 94
00001812,46 59
00003910,46 70 96
00002444,11 14 37
00001411,10 57
00000415,25 90
00002420,46 58 82 0
00000180,37 67 89
00002027,8 41 58
00001887,8 37 50 89
00000365,37 54 66 87 100
00003676,46 52 58 67 73 80
00003531,8 10 30
00002452,46 52 70 85
00003846,8 30 58
00000164,24 49 50 66 73 93 98
00000491,46 52 59 70
00001291,3 8
00001395,8 48 88
00000399,8 11 13
00003730,5 28 58
00002397,30 58
00000051,52 67 73 89
00006803,68 97 98
00002278,48 52 80 82
00001784,48 73 87
00001353,10 23 31 33
00003131,61 73
00001228,48 58 73 92 94 0
00001928,35 37 46 70 73 77 89
00003841,10 11 46 0
00004024,54 72 87
00000835,52 54 58 89
00004196,56 70 84 95
00001600,16 24 49 58 67
00003495,30 40 42
00003761,14 24 50 58 73
00002777,37 47 62 66
00004393,48 66 70 93
00002648,54 73 80 82
00003282,8 46 52 59 84 95 98
00003861,48 70 84 85 101
00002949,50 67 70 93 96
00003407,46 59 70 96
00002988,52 82 84 88 94
00000081,67 73
00003242,47 58 93
00001023,13 44
00001953,46 52
00003707,25 41 58
00002007,47 52 70 87
00003071,46 58 66 93 96
00001884,54 66 77 84 101
00000195,48 57
00004044,51 70 85
00003526,48 66 73 87
00002667,8 14 27
00000037,48 52
00004037,11 51 66 67 73 80 93
00003469,28 52 84 87
00000211,14 30
00002157,8 29 30 41
00004135,9 52 67
00001555,48 50 59 66
00002268,47 59
00000291,24 52 58 66
00001527,37 42 59 82 84 89
00003304,8 46 48 80
00003474,47 70 87
00003615,24 49 58
00000298,32 33 67
00001855,46 70 0
00001523,11 48 73 93
00002324,44 52 54 67 73 80
00003193,52 84 88
00001135,46 70 84 91
00003792,4 8 31
00002490,24 49 52 58
00000619,46 64 73 89
00003724,52 70 96
00003938,48 70 95
00002603,46 58 66 87
00003912,38 52
00003301,3 37 47 89
00000667,28 48 66
00001897,16 58
00001518,8 10 31
00001827,54 84 85 87
00000207,46 84 87
00006834,5 9 27 89
00004234,46 58 70 84 93
00002489,49 61
00000689,47 80 82
00004031,52 58 73 80
00004291,8 10 31 32
00000990,9 14 46 58 80
00001966,8 62
00002914,46 70 72 84 87
00006835,17 58
00001505,10 29 30 31 32 34
00001408,3 52 93
00004029,52 59 67 77 82 84
00002889,47 66
00006837,18 28 76
00003063,30 32 33 49 67
00000315,9 28 48 73 87
00000733,48 59 70
00002109,58 61
00000017,3 46 67
00006815,36 47 67
00004064,3 46 52 58 73 80 82
00002255,13 14 24 50 58 70
00003412,35 67 82 84
00002430,8 62 80 84
00003253,48 50 70 84
00001542,9 52 58 73 96
00004136,10 46 59
00004090,48 70 84
00006452,9 10 17
00000565,67 93 94
00003297,24 48 50 56 73 80 93
00002731,47 65 84
00002563,58 70 95
00000302,52 54 58 81 85
00004262,25 67
00003291,25 31 41 44
00003943,47 59 87
00004216,28 46 58 73 80 91
00006766,14 44 89
00001479,41 67
00001043,10 14 46 52 59 70
00001772,9 34 48 52 67 73 80
00003321,46 70 84
00006462,51 70 84
00004357,46 65 93 94 95 101
00001975,3 46 58 73 80 94
00001677,3 21 48 52 58
00000953,30 40 58
00003544,8 83 87 101
00003126,58 70 87
00000711,25 52
00006599,4 5 6
00003567,8 30 33 41 58 73 84 87
00003522,21 48 70 87
00001782,7 33 36
00001619,30 40 41 42 43 45
00001243,54 70 72 87
00002960,52 67
00002392,32 58
00000076,37 48 59 89
00001894,67 72 84 87
00003442,14 0
00000737,24 28 37 73 76 89
00001072,51 64 73 80
00002240,47 52 70 84
00000431,52 58
00002188,47 70 73 89
00003225,52 59 66
00004335,38 52 83 84
00003559,3 52 58 82 97
00006404,5 17
00000772,52 54 76 83 89
00003089,8 31 32 33
00003038,37 48 66 84 87
00001943,14 37 82 94
00003757,8 54 70 84 89
00002281,41 60
00003873,30 52
00001165,51 76
00006761,65 68 81 93
00003504,48 66 84 93
00003718,24 73 80 89
00000813,12 16 47 64 96
00001082,54 85
00006318,15 58 65
00003960,8 13 58
00001244,49 66 89
00002678,3 46 58 91
00000997,10 31 36
00002757,66 73 80
00006461,52 53 58 65 76
00001342,44 54 66 85
00003657,8 14 55 58
00000156,3 9 52 58 94
00002530,9 29 34 40 89
00002859,52 80 84 94 100
00001520,8 52 76 88 94 96
00000141,8 14
00000944,35 41 52 72 82 84 87
00002840,46 66 91
00002075,31 52 54 66 72 84 87 90
00000558,8 30 32 67
00001615,51 84 93 95
00006757,15 40
00006768,50 92
00000523,8 67
00004364,46 70 84 87 89
00002955,9 48 65 71 84 90 101 0
00004087,8 72 76 82 83 84 90 94
00003644,69 94
00003925,9 29 30 67
00001169,49 67 87
00002856,48 58 66 84
00001278,48 66
00000166,47 66 67 76
00000439,54 73 82 91
00001723,58 73 89 93
00002198,46 70 84 87
00003803,48 58 73 80
00000802,14 31 37 78
00000994,46 70 84 91
00002553,14 31 41 43 61 98
00004345,13 14 24 49 58
00001276,46 73 89
00002110,5 13 22
00001756,48 66 87
00001027,46 58 96
00002614,47 87
00003643,10 30 32
00006337,68 76 80
00000730,8 41
00004193,48 84
00002295,48 70 84
00006687,14 38 89
00002793,8 30 32
00000280,3 52 73 82 83
00001844,46 73 96
00003153,17 48 59
00003310,49 64 73 94
00004293,48 73
00001591,9 67 84 85 87
00001673,20 67
00002510,48 70 87
00000464,9 24 52 70 73 89
00001251,54 73 81 82 89
00002330,48 59 66
00003318,46 59 65 85 93 94
00002425,21 47 58 64 82 93
00003367,37 54
00000139,48 59 0
00000333,9 25 50 57 58
00006775,5 8 17 20
00000059,8 52 58
00000178,46 47 70 84 87
00001769,48 73 80 85 94
00003161,8 23 73 84 87 88 94
00002170,58 81
00000406,8 67
00001323,58 66
00000884,52 82 84 88
00000488,8 82 84 87
00003430,31 44 67 73 89
00003116,52 88 94
00003820,46 52 58 70
00000046,47 56 65 73 96
00003700,37 44 48 66 82 89
00003172,48 64 80 81
00001111,54 58 70 89
00004002,41 57
00003415,11 24 47 58 95
00006376,47 85
00003113,29 30 58
00004368,84 87 88 91 93 96 101
00006327,8 10 22
00006734,35 71
00004320,45 48 59 0
00006325,5 13
00006637,58 98
00001431,3 46 89
00001069,52 67 80
00006635,30 32 40 41 42
00002471,37 50 85
00002687,8 73 82 84 88 94
00006392,11 46 52 67
00002526,46 52 58 73 80 93 101
00002419,10 32 52
00001981,48 70 77
00003123,9 24 48 84
00006661,8 36 89
00003913,67 73 80 85 89 94
00000420,56 87
00003306,14 82 84
00006321,14 20 34
00002694,58 73 0
00006353,6 11 37 52
00004311,46 59 70
00003765,8 82 84 87
00001203,48 84
00002046,21 48 65
00003658,70 89 93 0
00002259,46 95
00001401,67 96
00001693,8 30
00001447,8 47 48 52 85 89 101 0
00000923,46 58 82 93 94
00003387,5 8 25 58
00000713,47 73
00006575,8 13 58
00001983,48 52 58 59 65 80
00001863,48 52 66
00003759,48 52 66 84 87
00000595,46 52 59 70
00006320,55 65
00006611,9 49 58
00006497,14 40
00003439,14 37
00003077,30 67
00003805,37 46 66 87 93 98
00000400,9 58 73 84 89
00003534,54 71 87
00001467,8 29 30 40 43
00001857,46 52 84 87 101
00003648,24 58
00001051,8 30 31 41 44
00001792,5 48 52
00006792,8 13
00004132,9 52 70 95
00001743,8 73 82 89
00002470,3 9 47 48 52 58 73 80
00001382,52 70 84 88 0
00000129,10 30
00000459,24 47 58
00003354,52 58
00002130,52 82 88 94
00003929,5 30 58 66
00002014,9 49 58 73 85 89
00000455,47 65
00001120,8 48 88
00006794,28 40 93 94
00002167,13 46 59 70 93 94
00001978,10 25 41 44
00003375,25 35 48 70 84
00002925,68 82
00000168,3 8 46 58 73 0
00001373,37 48 70 89
00003449,3 8 48 52
00004294,29 58
00006604,70 81 84
00006701,36 37 70
00003207,46 66 70 87
00000095,24 44 52 67 89
00001552,8 72 73 82
00000555,10 29 34 41
00002098,47 58 59
00002076,84 91
00004019,54 67 91
00002559,70 96
00000539,58 70 95
00004206,48 70 84
00003747,8 37 50 52
00002998,48 89
00003602,4 5 8 30 32
00006709,22 84 90
00004207,48 59 70 101
00000610,46 70 87
00002054,8 21 47 58
00002127,8 67 73
00006559,56 64 76 94
00003971,47 64 84 87
00003247,24 47 76 89
00006765,84 90
00000032,47 52 72
00002617,53 56 59 70 87
00000384,5 20 31
00004277,48 64 84
00006602,9 39 58
00006690,82 93 98
00003955,46 66 73 80 94
00003568,37 47 66 70 89
00004190,24 46 57 65 75 76 89
00000776,11 48 52
00006747,37 48 49 93
00001293,5 57
00003267,25 67
00003303,47 70 96
00001938,10 31
00002360,52 54 76 78 89
00003363,37 54 84 87
00001914,37 52 55
00002832,46 70 84 91
00002973,66 73 80 89 93 94
00002208,48 66 67 87
00003023,52 73
00001335,24 50 58
00002442,50 52
00001794,24 50 89
00000243,54 59 70
00006465,49 58
00003633,8 10 31
00002169,8 13
00002416,3 9 46 58 82
00006408,22 25 81
00001418,62 73 89
00003768,5 9 13 24
00006828,8 10 40
00002241,12 30 31 32
00003961,55 58
00006445,52 71 93
00000676,52 73 82 83 84 85 89
00003425,47 70 82 84 87
00006797,10 22
00001779,10 30 32
00003821,66 68 85
00003859,46 70 82
00001167,47 52 64 87
00000352,46 58 73 93
00003964,46 58 73 91 93 0
00002785,48 66 84
00003143,32 58
00006342,36 47
00002520,13 58
00003185,37 46 89
00002768,8 30
00001707,48 50 52 70 72 87
00003479,9 48 59 76 84
00000268,48 71 76 80 84 88 93
00002790,9 48 58 80
00006646,40 45 89
00000314,51 70 84 89
00002332,48 70 87 89 93
00001511,24 46 66
00001168,66 91 0
00002191,14 25 44
00002821,10 30
00001760,13 58
00004033,37 48 71 89
00001506,8 30
00003599,38 41 65 73 84
00004124,52 58 61
00001579,31 32 67
00000479,10 31
00001224,24 50 58 73
00006804,4 17 22 31
00003076,47 52 65 72 84 91
00001806,52 73 83 89
00003507,52 59 95
00000133,52 67 94
00000584,46 59 70
00001471,48 66 93 94 96
00001500,46 73 89
00001939,54 66 73 88
00000019,14 37 48 52 94 0
00002796,9 25 46 58 80
00002055,46 52 59 67
00000140,37 70 94
00004236,8 29 38 41
00004062,46 87 0
00001438,58 76
00004254,48 70 84 96
00000362,54 66 87
00002543,3 48 49
00004130,46 70 84 96
00001254,49 70
00002012,70 91
00003654,41 67
00003774,3 5 8 84
00003218,12 30 43
00000586,49 52 67
00000319,48 73 92
00000261,32 67
00003411,48 52 70 84
00000267,45 48 58 89
00003351,70 71 73 82 93 94
00000851,30 31 32 33 89
00000661,37 54 70 87
00003659,52 58
00002746,10 30
00001800,8 84 87
00006340,27 32 67
00003897,46 52 70 84 87
00001908,52 58 65 96
00001074,52 56 89
00000160,28 47 67 73 89
00000330,93 94
00002016,5 13
00001893,30 37 80 85
00004164,52 59 70 93
00001638,37 54 66
00003277,11 25 58 87 89
00003776,37 67
00000353,52 55 95
00001669,46 59 84 89
00000111,48 70 84
00000843,3 9 46 57 58 93
00003780,47 66 84
00001378,57 81
00001121,46 52 73 87
00003284,82 84 87 90
00003987,3 52 67
00000114,46 58 73 93
00003524,47 70 93 95
00000514,8 73 84 89
00002233,46 70 85
00001085,47 66 82 93
00001525,9 30 37 58
00000677,8 46 72 87 89
00002293,10 33
00001024,48 84 96
00004217,11 46 58 0
00006723,48 65 89
00000605,5 57
00002292,8 30 40 41 42 43
00000566,51 70 80 84
00000747,48 54 87
00000780,41 58
00006810,20 84
00002028,8 46 59 70
00006795,8 40
00002467,48 73 94
00000235,46 67 84
00000945,46 65
00000484,29 58
00006649,40 54 66 80
00004187,11 37 48
00003054,9 32
00000982,24 48 82 89
00000779,31 58
00003179,8 38
00001980,48 66 72 84 87 96
00006640,17 40 54
00003448,47 65 72 87
00000719,14 44
00001364,48 59 70
00001423,8 47 59 66
00003043,48 70 84 93 96
00002477,48 52 66 87
00001875,8 30
00004312,37 54 70 85 93
00004168,37 47 87
00002733,37 47 87
00000273,14 32
00001924,48 65 84 93 94
00006703,10 38
00006328,11 40
00006714,11 22 37 48 81 89
00001396,54 58 59
00002722,47 84 87 89
00002649,8 58 89
00001895,10 13 31
00002984,37 54 70 84 90 91
00002804,9 37 52 54 70 95
00002911,8 10 30
00003997,3 52 73
00001833,8 48 59 76
00003795,8 10 31
00002358,37 91
00001453,73 93 94
00006552,36 54
00001145,50 51 73 80
00001041,8 13 58
00006323,58 81
00006541,14 36
00002308,8 10 31
00002522,49 58 80 0
00001994,16 37 89
00003070,47 49 70
00001776,46 70 84 93
00003051,46 70 73 80
00002456,8 58 67 70 80 84
00002211,47 58 73 80
00003192,57 67
00003299,8 30 58
00001157,13 14 37 78 89 93
00000225,46 58 73 80 93
00001945,8 30 44 52 67
00000204,8 47 95
00003664,8 54 66 82
00001545,46 59 73 80
00006813,1 78
00001572,46 52 58 65
00002082,48 58 70 82
00000230,9 48 58 59 73
00004242,3 8 46
00000062,52 58
00001874,52 57 58 89
00000259,8 9 16 48 65
00001509,24 73 84 89 93
00003075,64 73 93
00004272,5 25 52 76 88
00006742,47 48 49 66 89
00000004,46 84 87 96 101
00000755,25 52 67 88
00006387,8 79 94 0
00000604,5 89
00002866,46 52 58 0
00006384,19 48 96
00006439,12 36 58
00001383,8 31 58
00004023,66 84 87 102
00006842,44 49 52
00004094,58 67 73 80
00002301,10 25
00002407,4 31
00004244,4 10 30
00001907,37 47 70 85
00003976,12 31
00003095,10 32
00002136,37 46 84 85
00002021,57 58
00001083,48 66 76 101 0
00002353,46 52 65
00006776,14 36
00002806,46 52 82
00006679,22 80 93
00000556,24 52 65 69 71 89 93 94 101
00001432,9 40 46 57 80 82 84 89 92
00002778,46 58 65
00000729,8 10 16
00000834,54 66 84 85 89
00006307,24 47 73 80 98
00000373,8 84
00000449,24 67
00001793,8 73 80 82 83 84 85
00000607,8 30
00000568,54 67 84 96
00003257,37 54 82 85 0
00001512,73 87 0
00000753,70 80 82 84 88 89 93 96
00003252,47 52 70 87
00002242,52 67
00001065,7 41 43
00000240,48 64 73 89
00001826,8 46 58 87 88
00002754,46 58 73 80
00001662,48 87 0
00004239,11 46 65
00003006,37 50
00001042,48 66 89
00006357,9 44 89
00002730,9 52 66 82
00002929,47 70 84 85 89
00004325,16 58
00001238,37 46 85
00001233,10 32
00000494,49 71 76 84 90 93 94 95
00001570,47 59 70 84 95 96
00001544,47 65 84 87
00001738,8 30 67
00004166,11 46 58 64 70 73 80 87 94
00002317,8 30 32 89
00003663,5 35 52 81 83 84 89
00002341,2 5 25
00001554,37 54 89
00006671,68 74 86 89
00002085,56 58 89
00001636,46 52 64
00003162,67 70 87
00000889,48 87 90
00006371,9 67 81 0
00003790,37 48 71 89
00006696,38 58
00003084,46 58 59 73 89
00003814,48 65 77
00002601,5 9 82 84
00003636,48 59
00002216,48 70 87
00002361,37 39 52 54
00006316,1 67
00000956,52 82 84 88
00002639,8 47 67 73 76 82
00001785,28 48 66
00000061,37 87
00006801,14 44 78
00004215,4 10 29
00002628,46 59
00006665,49 65 71 73 80 93
00002635,37 46 76 84 87 98
00002669,41 44 67
00000104,47 54 67 73 82 93
00004182,30 61
00001279,52 60 70 72 87
00000974,10 30
00002462,8 47 57 58 67 76
00003746,47 87
00001091,51 70 84 85 87
00000286,47 66 82 93
00002536,48 64 66 96
00003065,48 52 84 87 89
00000149,13 58
00006305,48 81 89
00006531,66 67 85
00000909,48 70 73 96
00002711,48 87
00002873,37 54 67 73 80
00002000,8 37 48
00003851,48 70 77 84
00006750,55 58 94
00003181,57 85 89
00002551,9 10 52
00003940,46 49 61 73 80 93
00000239,67 70 84 87
00006781,9 37 73 89
00003848,46 52 70 84
00000564,37 54 70 84 96
00003434,10 32
00002032,8 50
00000591,48 52 66 89 93
00004127,32 47 52 58 93
00000855,47 66 80 82 0
00006583,46 84 89
00002708,10 29
00000966,8 37 54 67 76 84
00002094,3 47 49 73
00000512,48 84 87
00001744,47 73 80 97
00001964,8 46 84 89 95
00001055,47 59 70 84
00004001,48 59
00001967,3 47 58 82
00003033,48 70 73 80
00002878,48 70 73 87 89
00002357,11 46 73 96
00001424,51 70 72 96
00003675,30 40 41 43 52
00006572,11 27 89
00001310,49 87
00002173,10 93
00003398,10 32
00006292,10 36
00004300,5 44
00003160,46 66 73
00002496,47 48 58 59 66
00004304,48 52 65 70 73 98
00002102,3 37 46 58
00004250,46 66 84 87
00000761,37 54 84 96
00006568,14 36
00002759,54 72 84 89 93
00001522,24 67 73
00002775,46 66 84 91
00004274,46 70 71 84 96
00000339,48 58 87
00000767,46 66 72 76 84 87
00002999,14 37
00001921,48 58 59
00001419,5 8 30 41 89
00003098,61 94
00003173,47 59 65
00002638,26 52 67 73 80
00004397,51 70 84 95
00000548,37 52 55 89
00001309,46 52 58 89 94
00001282,37 54
00000419,46 73 89
00000680,8 10 31 32
00004228,61 87
00006656,8 36 39
00000576,47 48 59 64 0
00000574,48 66 72 87 93
00004046,54 59 73
00001076,46 52 59 70
00004247,65 73 80
00003811,21 48 50 64 87
00002377,48 50 64
00002177,8 30 33 41 44 58 73 84 87 88 0
00006443,48 75 80
00000082,9 48 66 87
00004151,46 65 84 89
00003823,54 66 84 87
00002826,9 11 58
00006591,34 48 64 73 76
00006306,8 36
00000601,11 48 70 84 96
00002592,58 73 89 0
00004305,46 59 70
00001079,24 50 52 58
00006624,49 53 56 84 89 93
00003209,56 72 87
00001968,48 64 70
00002566,8 30
00001843,52 82 84 94
00003146,48 84 95
00002385,46 73 89 91
00002250,48 73 80 82 89
00000012,8 73
00002326,40 49 84
00001391,8 82 84 87 88 94
00004000,3 52 58 80
00004387,8 84 87 88 94
00001389,46 52 70 91
00001269,9 48 50 96
00002037,17 31 58
00003230,47 65 73 80 84
00001568,48 70 84
00002640,47 52 70 90
00002478,46 70 73
00000254,5 8 84 88 89
00002367,24 58
00003383,3 11 46
00000456,46 52 58 96
00002709,8 46 70 84 89
00002877,8 48 84 88
00006847,5 13
00001595,46 52 58 73 82 93
00006695,46 101
00002480,3 50 82 93
00006724,56 84 95
00004263,46 52 73 85
00004003,24 28 50 54 58 73 80
00001873,9 14 46 58 82 84
00006413,40 47 66 93
00001372,9 44 46 58 82
00000757,48 66 87
00000380,24 44 58
00001137,46 70 91
00001732,46 70 90
00003121,48 54 84
00000307,8 47 59 70 76 93
00003939,8 30 32 33 42 58
00000387,52 58 73 80 93
00002263,37 51 71 89
00003350,5 58 84
00000951,4 5 13
00002038,50 58 70 84 87 95
00000438,49 56 59 87
00001473,3 46 59
00001632,47 52 67 93
00001988,5 25 58
00000975,48 82 101
00002406,48 49 52 59 70 87
00003370,8 31 35 72 82 84 87
00002227,19 46 52 58 66 85
00006798,12 38
00006829,35 55 65
00000146,3 52
00002630,67 73 89
00006820,58 89 101
00004351,51 66 84 87
00000543,46 59 73
00003224,8 32 72 84 87 88
00004360,54 70 73 87
00004050,47 59 73 80
00004226,46 70 80 84
00000473,32 48 52 70 85
00002481,8 24 44 47 52 58
00002524,46 52 58 73 80
00003736,8 46 58 59
00000143,49 85
00003752,67 73 92 96
00001910,52 84 88 98
00003102,31 33 36
00006304,10 16
00001578,47 70 76 84
00002215,8 31 32 33 58
00002374,10 30
00000691,35 46 67 70 73 80 93
00000071,3 52 59 67 96
00002172,52 58
00006825,8 31 36
00002576,47 58 94
00002632,24 33 58
00000505,9 13 58
00000325,24 52 66 82
00002468,37 54 70 87
00003865,52 84
00003758,8 72 84 87 88 89
00002329,18 37 48 66
00000545,48 52 66
00001686,47 52 57 66 69 73 91 94
00001104,10 31
00001866,8 48 59 70
00002646,48 67 73 89
00002421,9 49 58 73 93
00002841,47 70 84 85 87
00001724,9 58 73 80
00003273,46 49
00000910,52 58 67 71 87
00000614,8 34 66 67 89
00003640,37 56 65 96
00000288,48 70 73 96
00002333,8 48 58 66 73 80 96
00001698,14 31 37
00001002,47 52 66 95
00002771,46 84 87
00003373,37 52 58 89
00003840,46 52 58 89
00000612,8 30
00003377,46 70 84 88
00001718,46 70 80 81 84
00000993,56 59 64 95
00001089,37 67 80 93
00001759,72 73 84 87 94
00002886,4 10
00001099,5 13
00001272,47 59 70
00004171,49 67
00003025,13 52 58
00006698,45 47 67
00003713,8 52 61 73 90
00001086,46 70 71 84
00003959,5 25
00001078,47 65 84 93 96
00002479,46 70 84
00002871,8 30 32
00002245,58 82
00001659,5 8 30
00006715,16 37
00003214,47 52 58 73 89 93 0
00002919,58 70 87
00003685,37 58
00003625,21 46 58 73 93 94
00001406,31 46 70 96
00002966,25 44 58
00004131,37 54 70 84 90 91
00001774,64 87
00002515,14 32 67
00006660,1 10
00003832,9 58 84 87
00004026,9 25 41 49 65 73 84
00001885,47 72 87
00002088,47 59 87
00006451,5 9 82 94
00006864,65 73 75
00002959,46 66 84 0
00000117,24 47
00001127,14 46 58 93
00001393,8 48 84 88
00006664,14 27
00000300,58 70 101
00001720,24 73
00001593,44 49 52 58 67 84 96
00001965,57 84
00003608,46 84 93
00006344,47 76 86
00001741,48 57 58 73 89
00002854,52 73 84
00004374,48 73 80 82
00001876,8 10 37
00000630,8 32
00001731,48 71 84 89
00006685,95 98
00002458,58 80
00002121,46 48 70 73 80
00001221,46 48 70 84 93 96 98
00002139,4 13 52
00001488,37 52 54 66 87
00002196,37 52 54 58 73 80
00001952,48 66 84 87
00001654,37 54 70 84 89 96
00001594,10 30
00001621,46 58 70 73 80 82 93
00001537,50 56 80
00000736,48 66 84 87
00003169,46 52 65 85
00000162,9 48 66 73
00001327,70 82 84
00001535,61 73
00000021,37 48
00003139,3 46 52
00006762,13 17
00004363,10 25
00002926,48 52 59 67 70
00003510,65 70 87
00002872,44 47 70 84
00006561,21 37 49 84
00002316,10 31 89
00006538,10 17
00006301,8 9 58
00002923,46 72 84 93
00001448,8 29 41
00002858,46 66 84
00002159,24 57 89
00002995,48 59 85
00003369,3 60 80 82 93
00002763,48 72 84 87
00006523,10 22 36
00000327,14 33 44 0
00006620,30 39 89
00000102,8 10 30 32
00000593,48 66 84 87
00003392,9 41 58 73 80
00003562,48 66 77
00002882,47 84 93 94
00002992,30 32 40 41 42 44
00001711,8 30 31 36 41 58
00003639,3 24 58 80 87
00000515,46 52 69 73 77 85 94 98 0
00002823,52 67 94
00002325,1 13 37
00004377,48 70 84
00003078,8 9 21 46 58 59
00002219,8 10 11 30
00004296,4 10 17
00004309,56 65 87
00004260,24 46 59
00001213,51 66 83 95
00002964,5 73 80 82
00002561,5 8 84 88
00001927,58 61 84 94
00000219,48 59 70
00002299,8 24 29 30
00006381,14 36
00001773,67 80 82 84 88 0
00000172,57 58
00002518,8 9 30 32 58
00004219,52 63
00000715,44 47 96
00002286,24 52 73 82 89
00001053,24 58 67 73
00004333,48 70 95
00001227,50 51 52 84
00003279,8 67 82 84
00000493,58 59 70
00002939,46 70 84
00002578,11 50
00001192,52 62 80
00002322,70 85
00001445,46 70 84
00001639,50 52 70 87
00000538,52 67 73 89
00001434,24 50 67 73 82 89
00000198,46 70 87
00001577,4 5
00002817,9 52 58 73
00006851,1 5 6 0
00006817,68 73 92 94
00000878,10 31
00000872,5 52 87
00003241,5 52 82
00000244,38 58 59 70
00001006,46 84 87
00002645,48 59 95
00003579,10 24 47
00006383,27 48
00003965,48 59 70
00001892,48 70 80 84
00002706,46 70 84 91
00006455,10 17
00000964,54 66 73 80
00003248,47 70
00002056,8 48 88 94
00006459,46 85 98
00003528,61 73
00002618,48 59 70
00001898,52 73 84 88 89
00006470,5 17
00006284,8 40
00003155,12 29 82
00001697,10 30 42
00003447,8 56 58 89 93 95
00003693,48 66
00001258,41 48 58 80 0
00006293,39 67
00003986,48 66 84
00003459,32 44
00006769,8 79
00003329,31 32 67
00001932,8 66 67 84 91 101
00003205,5 8
00000369,52 67 89
00001497,47 64 72 87
00001840,24 58 73 91
00002942,29 52 67
00002654,47 52 58 70 84
00004214,14 30
00004057,47 68 76 84 89 99
00003130,12 25 29 30 40
00001014,3 38 48 89
00003210,48 66 70
00001935,48 50 64 87
00001987,8 10 38
00002797,9 46 52 58 73 80 93
00000412,47 73 89
00003797,47 70 87 93
00002115,4 8 30 58
00000740,48 89
00003701,67 87
00006492,14 44
00006686,14 34 44
00006710,8 40
00001422,66 82 101
00000306,10 32
00002310,52 82 88 94 96
00000810,47 66 87
00000617,52 67 73 88
00003308,12 30
00002434,46 66 84 87 94
00000249,25 58
00002961,30 44 67
00004317,47 64 72
00002337,10 44
00002935,3 46 58 67 73 76 80 89
00003595,9 47 70 85 93
00000578,9 46 96 98
00002095,30 58
00000837,52 59 67
00003103,9 35 58 80 82 93
00002668,10 41 44
00002031,21 37 48 64
00004178,58 81
00004298,24 56 58
00006736,37 54
00000290,46 52 70 85 93
00001176,30 67
00003031,46 58 70 82
00003503,14 29 40
00001746,37 52 58
00004313,3 8 37 52 54
00002365,13 44
00000516,52 82 84 87 88 94
00000457,52 72 73 83 84
00002820,10 30 32
00000115,8 47 52 70 87
00001186,10 30
00003029,48 59 66 94
00001171,46 59 96
00001103,3 46 52 58
00002175,8 30 32 52
00002652,46 84
00001456,46 52 80 84 89 92 97
00004369,24 41 49 58
00004084,8 30 32
00003467,47 58 87
00000077,37 48 66 72 84 87
00003613,10 37
00003341,8 58 73 84 87 88
00000152,4 10
00002843,46 58 89
00003024,8 10 30
00006588,5 17 52 67
00003358,46 70 87
00001270,30 58
00001437,3 8 52 73 76 94
00003773,24 37 67 73
00001260,48 66 82
00003669,8 10 13 17
00004123,5
00003690,13 58
00002253,44 46 50 65 93 96 0
00000941,48 70 72 87 89
00004121,8 30 32 58
00002189,47 70 96
00006341,36 61
00001828,8 31 33 58
00003837,48 50 59 66
00004279,44 52 67 82 83 84 88 89
00003208,47 70
00000201,8 37 51 58 67 73 82 89 93
00006288,12 31
00000527,8 84 85 87
00001588,46 70 77 84
00001013,48 58 64 73 89 93 101
00003883,46 52 84 87 96
00000766,5 52 82 83 84
00003517,35 54 66 82
00003206,67 73 80
00003722,51 70 84 85 93 95 101
00002991,9 58 101
00000233,46 58 59
00000136,9 47 48 58 59
00000193,14 31 44
00001970,37 56 58
00002661,59 66 67 95
00006683,34 37 48 94
00000741,50 64
00000304,3 46 58 73 80
00006727,10 81
00006491,40 47 66 96
00003202,54 59 70
00000521,12 30
00002262,48 52 87
00006567,19 42
00006853,68 84 87 98
00004072,24 58 73
00001235,9 84 87
00003008,47 66
00002331,46 59 70
00003627,8 32 33
00000007,49 66 70
00000414,7 30 32 52
00003316,46 52 58
00002598,37 54 89
00003876,10 47 84 89
00000485,70 84
00003385,50 67 89
00004021,8 46 59 70 87
00003918,52 58 87
00003903,46 70 89
00000547,29 30 61
00002720,24 47 52 66 80
00003114,46 52 58 73 80 93
00000665,46 70 84 91
00001489,52 62
00003996,24 85
00002548,10 30 31
00001763,37 47 66 89 0
00001681,24 47 84 85
00001801,13 58 81 89
00004175,8 25 29 30 40 44 58
00002847,40 54 70
00003605,8 25 30 32
00003476,25 58 76
00000066,48 50 66 87 95 101
00003182,12 44
00003727,57 67
00001495,52 66 94
00002815,48 66
00002005,47 70 73 80
00006861,4 58 81
00001768,8 58 82 84
00000911,37 54 66 73 85 89
00002192,30 58
00006592,52 68
00003553,48 70 73 84
00001608,46 52 66 82
00002896,48 66 84 87
00003483,30 32 67
00002120,5 52
00001444,48 66 87 101
00002112,46 52 58 82
00004177,46 52 59 96
00004134,9 24 32 47
00004212,10 31
00000421,52 67 89
00006507,12 36 89
00002277,11 48 67 89 94
00000699,8 30 52 58 89
00006838,30 40
00000222,52 59 66 87
00001314,9 37 58 65 67 72 84
00002637,46 65 84 87
00001781,9 31 41 58
00006614,51 70 95
00003286,52 54 59 82 96
00003346,47 84
00000056,46 84 87
00003475,54 59 64
00003338,10 30 58
00003374,8 46
00003868,11 13 44
00003958,8 29 30 40
00000608,8 82 84 88
00001616,46 52 70 87
00002163,5 30
00003079,8 59 65 80 84
00002214,9 48 52 64 87
00002989,8 46 58 64 82 93 98
00001451,37 85 0
00002379,55 65
00000320,51 70 84 89
00002800,48 70 87
00003836,47 59 67 91
00002344,61 73
00001890,44 48 70 85
00002401,8 57 67 87
00006590,9 24 36 58 89
00004200,37 54 70 84 96
00006694,9 39 47 58
00002846,24 46 66
00006457,9 24 49 66 75
00002688,8 10 30
00002285,73 96
00002209,47 73
00000131,9 47 84
00006586,97 98 99
00002792,46 59 70
00003184,30 58
00001090,31 33 58
00000850,46 58 70 95
00001266,37 46 89
00000870,8 35 37 52 70 82 88 89 93 0
00001816,9 28 48 58 67 82
00002105,46 73 89
00003974,10 32 37
00003456,41 58
00004361,37 67
00000660,50 59 73 80 82
00000629,48 52 70 73 85
00002356,37 48 66 87 93 94 98
00001507,8 30
00003322,46 52 58 96
00000008,9 24 30 58
00004336,54 70 85
00002107,8 35 82 84 87 88 89 94
00002825,67 70
00000728,37 48 66 95
00006290,12 36
00003215,37 54 70 82
00003194,48 52 88
00002114,20 56 66 84 96
00002300,48 59 66
00001791,46 59 65 84
00006752,10 36
00002770,47 70 84
00004014,37 52 66 67
00003688,47 70 84 96
00002210,47 70 89
00000628,46 52 79
00003665,47 73 80 87
00004340,48 70 84
00003575,8 73 84
00000936,10 15 29
00002449,47 59 70
00004222,64 73 89
00001059,24 28 47 59 73
00002153,13 29 30 67
00003871,48 65 73 87
00000366,3 47 82
00002813,46 52 82 84 94
00002464,63 66 84 87
00006286,9 22 45 52 89
00003047,24 46 59
00003946,47 73 76 84 85 96
00003892,52 70 73 77 84
00003020,8 30
00002004,47 59 66
00003311,8 82 84 88 94
00000735,47 70 84 87
00004180,37 48 93
00002908,37 52 67 73 89
00003082,8 46 52 70
00003535,48 70 87
00002980,42 67
00002803,21 34 46 66
00003597,9 28 58 89 92
00006564,9 19 41 58 89
00006796,68 77
00001850,46 70 91
00002226,9 48 52 70 82
00001194,14 24 50 67
00006865,8 27
00000495,41 58
00006444,47 96
00000963,46 70 72 82 84
00003525,9 14 48 58 80 82
00003216,37 52
00003056,47 66 87
00001114,9 48 70 84 95
00000386,14 25 37 0
00000360,12 29 30
00000717,10 30
00002782,30 32 67
00000760,5 22 41 52 84
00006726,8 10 81
00001161,52 58 84 88
00003222,46 58 59
00001292,8 30
00004225,8 48 70 96
00004169,48 66 96
00001682,50 65
00002780,70 96 101
00003764,8 24 49 67 76 89
00000947,8 10 33
00003391,87 94 101
00000462,47 70 87
00002057,48 87
00002244,10 32 52
00000301,54 59 70 93 94
00000641,5 52 84
00002695,47 59 67
00004163,8 35 73 82 93 95
00006777,66 68
00004161,52 63
00002974,50 59 66
00002404,5 10 25
00006645,15 17
00001902,3 9 94
00003268,58 89 95
00002089,52 72 73 76 87
00006435,10 39
00004302,9 46 70 84 85 0
00001666,68 87
00002532,48 65 96
00000897,3 46 52 58 70
00001736,37 48 67
00002195,12 31 32 40
00000907,48 65
00001633,9 54 70 84 87
00001721,30 32 58
00003584,30 58
00000100,49 67 73 93
00000573,30 41 58
00001869,5 8 88
00000890,46 72 87
00002272,52 82 84 88 94
00000099,3 8 48 93
00002207,15 48 88 89
00000559,30 32 52
00003491,48 70 87
00001241,50 73 82 89
00001933,48 69 94
00004205,37 58 73 80 82
00000034,48 65 73 87
00002710,47 59 84 85
00006347,5 17
00006814,47 68 76 84 92 97 98 99
00002488,37 50 67
00003934,47 64 87
00002684,8 46 52 96
00006833,8 17 31 34 44
00001087,11 46 70 87
00000957,10 13
00003969,18 47 64
00003596,37 57 76
00002487,57 58
00001820,30 41 49 58 0
00001199,48 80 87
00006603,8 11 27
00003500,8 38 41
00003806,30 34 50 67
00002389,58 84 87
00002947,51 70 85 87 93
00001613,9 48 73 80
00006739,14 32
00006862,55 58 73 83 89
00001124,52 54 73 87
00003092,48 59 70 84
00000476,10 25
00000374,61 72 87
00000317,56 66 87 101
00001150,52 65 89
00006416,9 40 44 45 48 76 89
00002977,9 10 46 80
00001560,37 52
00006448,30 36 37 40
00002986,8 37 54 73 84 95
00006830,58 81
00003037,48 87
00003419,37 52 67
00001722,5 47 54 58 73 84 89
00004170,8 28 67 0
00000468,48 59 96
00000275,24 30 67
00002647,10 29 33 52
00001058,16 44
00006780,15 58
00006562,13 58
00000524,46 52 70 84 101
00006338,37 54 89
00004220,8 10
00002495,5 8 84 87 94 96
00004280,67 89 91 98
00003176,47 66 87
00003907,46 58 84 93 96
00006652,76 81 94
00002391,8 37 59
00006529,68 100
00002077,52 64 72 84 87 94
00001757,37 54 66 84
00000781,67 81
00003616,8 48 52 77 89
00001569,9 35 37 73 82 84 93 94
00001071,9 10 30 32
00000227,48 52 88
00000096,46 70 85
00006490,8 89 0
00004310,48 70 85
00001997,46 70 84 93
00001496,47 64 87
00000537,52 84
00001656,11 46 48 70 73 93 94
00000927,46 58
00002636,24 62 89
00002482,48 52 70 84
00002469,46 48 66 82 87 93
00001439,43 47 58 67 89
00001098,9 24 29 49 52 58 80
00003779,31 32 57
00000683,47 70 84 85
00001215,48 66 85
00003725,48 84 87 94 98
00001699,8 73 84
00000260,8 25 30 67
00000108,46 49 52
00000644,14 37
00002492,61 73
00000469,48 52 70 84 89 95
00004299,46 59 70 87
00004371,28 47 0
00004013,47 70 96
00003174,37 54 83 84 87 89
00001463,48 66 84 87
00003628,12 48 66 67 85
00000165,5 8 73 84 87 94 96
00003766,50 52
00000270,37 48 66
00002036,8 48 88
00001155,29 58
00001195,46 67 70
00003203,46 64 87
00003935,46 70 84
00002047,48 66 72 84 87
00001412,48 66 87
00004079,3 46 58 93
00002583,10 49 66 67 80 0
00003108,25 58
00000284,48 59 93 94
00001755,58 84 87
00003924,46 65 87
00002380,46 70 73
00002288,9 30 32 58
00002473,5 10 26 30
00000486,46 70 84 88
00002212,10 31
00002052,48 49 70 87
00001492,13 24 37
00002560,8 30 52 58
00006546,5 31
00001420,41 48 70
00002513,8 10 30
00003041,47 59 70 84 95 96
00003083,46 52 65 93
00001427,46 58 82 84
00003140,61 70 72 87
00001064,37 54 73 80 84 93
00002304,50 66 67 89
00004147,8 28 58
00001210,41 58
00000471,48 70 84
00001655,8 72 84 96
00003585,29 58
00003165,46 58 73 80 93
00001118,3 37 52 89
00001459,46 70 73
00000845,37 54 87
00002605,47 73 82
00001107,71 73 94
00002888,30 58 89
00003631,5 8 14 30 32
00001129,9 24 46 58 73
00003709,14 73
00004115,8 73 89
00003259,47 65 84 89
00002677,47 70 91
00003127,48 66 73 84 87
00003930,37 56 59 93
00002610,48 96
00003630,50 52 70 77
00003533,24 48 72 82 84 87 88 96
00006351,54 68
00001949,46 58 70 73 84
00002655,37 0
00003557,48 70 84 89 0
00000919,46 73 76
00000409,9 24 58 73 89
00004128,17 58
00004269,44 54 70 87
00001240,46 70 82 93
00000998,66 73 82
00000899,51 70 72 80 96
00006799,49 52 65 73 84 96 98
00003122,24 46 59
00002879,54 70 72 84
00002750,46 66
00000331,5 8 52
00006377,18 71 81 93
00000784,10 47 73 77 93
00001712,46 84 85
00000653,48 66 84 87 89 90 94
00003353,14 47 73 89
00000823,10 31
00006482,40 46
00003714,52 62
00002906,47 58 85
00002948,3 9 73 93 94
00003290,5 30
00001388,37 54 59 66
00006354,8 40 48 94
00000796,30 32
00003754,24 44 52 54 84 88
00000055,30 58
00004020,8 73 95
00006479,47 68 80 89
00006563,19 30
00003016,24 35 52 62 80 82 94
00006373,5 13
00002736,8 10 30
00003626,48 59 66
00003763,47 66 96
00002103,40 66 94 96
00000113,58 72 85 87 89
00001245,48 84 96
00001563,50 82 91
00003505,14 31
00003980,8 82 84 88 94
00003011,47 87
00002497,47 70 94 95
00006521,90 98
00002441,8 29 30 32 41 67
00003314,54 59 64
00001889,3 9 32 46 58 73 82
00003061,24 41 46 84 93
00001329,47 101
00006510,47 66 68 80 82 84 98 99
00000217,47 52 54 93
00003320,46 66 72 87
00001634,48 73 80 93 95
00004235,58 70 93 95
00003711,8 48 65 96
00003333,8 10 37
00001575,54 87
00001066,10 30
00003641,47 58 59 70
00003107,52 73 84 88 89
00000124,49 58
00001286,46 66 95
00002162,8 13 24 49
00002015,5 61 84 88 94
00002182,37 89 95
00003552,3 8 52
00002362,46 70 73 89 0
00006585,37 68 89
00000569,1 24 66 76
00006535,15 17
00004005,10 31
00000844,46 70 93 96
00000394,46 59 70 88
00000647,37 52 63
00000372,70 101
00000580,8 46 52 73
00003221,52 65 76 82
00006312,5 44
00000234,48 52 89
00002409,48 66 77
00000675,58 82 96
00000196,48 52
00002774,52 58
00000393,48 66
00006678,22 31 67
00003543,9 24 46 58
00001787,9 49 50 52 58 73 82
00003499,46 70 73
00004096,48 63 84
00001252,8 29 58
00000908,41 84
00001123,46 52 70 73 85 89
00000879,8 12 22
00006512,49 50 58 82
00003021,5 31 32
00002584,9 46 70 96
00003335,3 37 55 58
00003972,8 48 84 88
00000942,52 72 84 87 88 94 101
00001999,9 49 58 73 82 89 96
00000764,31 32 67
00001410,10 44
00006363,17 48
00004352,8 16 58 82
00000337,54 66 87
00002690,48 59 66
00002168,50 52 58 73 80
00003187,37 48
00002200,70 94
00000948,13 31 41 58
00000356,18 24 26 48 57 83 89
00001584,46 58 72 73 82 87 94 98
00003681,3 58 73 82
00002696,48 52 70 84
00001012,46 66 84
00006423,9 52 53
00000618,37 52 80 0
00003148,37 67 84 87
00000535,30 31 32 33 42 43 89
00000336,44 49 58
00006793,35 48 58 66 73 93
00004396,13 44 58
00003632,48 59 70
00001979,4 44
00000549,46 58 70 84 96
00003904,49 58
00003213,24 50 58
00004338,9 40 50 58 89 93
00002913,56 87
00003512,47 70 84 91 96
00001200,5 37
00002068,37 58 70 73 98
00002493,8 47 59
00003147,37 54 73 80 84 87 89
00003233,46 64 87 101
00001627,47 52 89 0
00006579,5 22
00002564,70 76 84 88 94
00001159,58 82
00004209,24 48 70 87
00003564,3 47 58 59
00003232,47 48 59 101
00000500,28 47 58 73 87
00006395,71 81 89 93
00004054,50 52
