00001977.jpg 73
00002106.jpg 17
00004401.jpg 52
00004402.jpg 8 48 66
00004408.jpg 52 67 89
00004410.jpg 66 56
00004412.jpg 30 70
00004413.jpg 59
00004415.jpg 37 46 66
00004416.jpg 46 52 85 89
00004420.jpg 46 59 73
00004423.jpg 48 64 84 87
00004424.jpg 70
00004428.jpg 73 87
00004429.jpg 48 59 66
00004431.jpg 30 58
00004433.jpg 82 84 87
00004434.jpg 52 49
00004435.jpg 48 73
00004436.jpg 52 57
00004437.jpg 70 84 95
00004439.jpg 47 70 84
00004440.jpg 47 95
00004446.jpg 48 64 73 91
00004448.jpg 52 65
00004452.jpg 48 66 73
00004455.jpg 8 30 31 32
00004456.jpg 37 73 89
00004457.jpg 58 73
00004458.jpg 37 84 87
00004461.jpg 59 70 89
00004465.jpg 13 30 58
00004467.jpg 73
00004468.jpg 48 66 87
00004470.jpg 30 58
00004472.jpg 41
00004475.jpg 15 58
00004476.jpg 13 67
00004477.jpg 48 66 87
00004479.jpg 84 89
00004484.jpg 46 73 80 89
00004486.jpg 66 73 82
00004488.jpg 47 70 87
00004490.jpg 70 84 96
00004491.jpg 46 52 73 80
00004492.jpg 70 96
00004493.jpg 25 67
00004496.jpg 8 82
00004497.jpg 67
00004500.jpg 58
00004501.jpg 46 58
00004503.jpg 12 29 30
00004504.jpg 48 66 89
00004505.jpg 3 87
00004507.jpg 8 59
00004508.jpg 3
00004511.jpg 48
00004513.jpg 46 66
00004518.jpg 3 46 58 67 73 80
00004519.jpg 17 41
00004522.jpg 59 73 84
00004523.jpg 13
00004528.jpg 64 66 87
00004531.jpg 73 80 89
00004532.jpg 81 94
00004536.jpg 61 73 84 87 94
00004537.jpg 5
00004541.jpg 87
00004542.jpg 46 70 73
00004545.jpg 46 58 65
00004548.jpg 46 52 58 73
00004550.jpg 48 73 89
00004551.jpg 47 66 84 93
00004552.jpg 4 31 44 52
00004553.jpg 46 85 96
00004555.jpg 52 67
00004557.jpg 52 53 56
00004558.jpg 52 87
00004559.jpg 58 87
00004561.jpg 13
00004562.jpg 70 73 96
00004566.jpg 47 59 70
00004568.jpg 66 87
00004571.jpg 24 67 73
00004572.jpg 73 76 94 96
00004573.jpg 46 47 70
00004574.jpg 31 67
00004575.jpg 52 87
00004580.jpg 73 80
00004581.jpg 41
00004582.jpg 30
00004583.jpg 52 67
00004585.jpg 57 67
00004591.jpg 52 58 89
00004592.jpg 46 70 87 98
00004593.jpg 48 66 84 87
00004595.jpg 73 80
00004596.jpg 52
00004597.jpg 47 70 84
00004600.jpg 46 52 58 73 89 93
00004601.jpg 46 58 73 80
00004602.jpg 52 70 84
00004603.jpg 5 13
00004604.jpg 29
00004605.jpg 8 30
00004606.jpg 3 46 52 58 73 80
00004611.jpg 21 47 49 59 64
00004614.jpg 37 84 93 96
00004615.jpg 48 65 89
00004616.jpg 5 44
00004621.jpg 12 30 40
00004624.jpg 58 73 80
00004625.jpg 48 95
00004628.jpg 96
00004629.jpg 46 52 70 85
00004630.jpg 10 29 67
00004635.jpg 46 47 70
00004636.jpg 46 52
00004637.jpg 11 46 52 58 80
00004643.jpg 3 52
00004648.jpg 46 58 73 80 93
00004649.jpg 52 88
00004651.jpg 91
00004654.jpg 87
00004656.jpg 52 93
00004660.jpg 14 37
00004661.jpg 87
00004662.jpg 66 89 93
00004664.jpg 82
00004667.jpg 24 73 89
00004668.jpg 13 67
00004670.jpg 46 52 58 73 80
00004673.jpg 5 25
00004674.jpg 30 58
00004676.jpg 52 59
00004681.jpg 52 70 72 73 87
00004686.jpg 47 52 59 70 96
00004688.jpg 46 64 84
00004690.jpg 58 73 80
00004692.jpg 52 58
00004693.jpg 9 46 52 58 73 80
00004695.jpg 48 66 89
00004697.jpg 48 66 87
00004698.jpg 66 70 84
00004699.jpg 48 73
00004701.jpg 59 73 89
00004703.jpg 24 58
00004704.jpg 14 36 37
00004706.jpg 52 67
00004708.jpg 52 58
00004710.jpg 46 59 66 70 84 95
00004711.jpg 8 58 67
00004712.jpg 46 52 58 73 80
00004713.jpg 46 58 73 80 89
00004714.jpg 21 47 48 64 84 87
00004715.jpg 49 61
00004716.jpg 70 72 84 96
00004718.jpg 59
00004719.jpg 30 40 89
00004722.jpg 32 33 44 67
00004724.jpg 48 84 89
00004726.jpg 82
00004727.jpg 52 59 70
00004728.jpg 52 70
00004730.jpg 8 30 31 33
00004737.jpg 10 30
00004739.jpg 41 65 73 98
00004741.jpg 8 10 31
00004743.jpg 46 58 73 80
00004744.jpg 10 30
00004748.jpg 73
00004749.jpg 59 64
00004752.jpg 30
00004754.jpg 8 84
00004757.jpg 46 58 73 80 93
00004760.jpg 48 50 52
00004762.jpg 52 58 67
00004764.jpg 57
00004768.jpg 46 66 84
00004769.jpg 66 73 89
00004774.jpg 67 70 85
00004775.jpg 37 54 73 96
00004777.jpg 8 48 67
00004780.jpg 47 67
00004784.jpg 58
00004786.jpg 5 52 89
00004788.jpg 52 73 80
00004791.jpg 5 13
00004794.jpg 30 52
00004795.jpg 52
00004798.jpg 58
00004801.jpg 87
00004802.jpg 8 24 84
00004806.jpg 70 93 96 98 101
00004811.jpg 70 84
00004812.jpg 58
00004813.jpg 11 47
00004816.jpg 46
00004818.jpg 46 84
00004821.jpg 72 87
00004822.jpg 70 84
00004824.jpg 82 84 88
00004825.jpg 48 59 66
00004826.jpg 52 59 70
00004827.jpg 11 46
00004829.jpg 12 29
00004830.jpg 52 88
00004831.jpg 41 48 87
00004832.jpg 85
00004834.jpg 46 52 66
00004837.jpg 64 65
00004841.jpg 48 64
00004842.jpg 67 73 80
00004846.jpg 46 52 87
00004847.jpg 37 70 84 89
00004848.jpg 46 67 73 94
00004849.jpg 37 89
00004853.jpg 37
00004855.jpg 52 66
00004856.jpg 48 58
00004857.jpg 73 89 94
00004858.jpg 46 52 58 73 80
00004860.jpg 36 89
00004862.jpg 8 14 31 37
00004863.jpg 8 93
00004866.jpg 46 70 84 93
00004867.jpg 73 89
00004868.jpg 11 52 70
00004874.jpg 52 57
00004876.jpg 10 31 89
00004877.jpg 46 84
00004878.jpg 41 67
00004881.jpg 46
00004885.jpg 47 70
00004887.jpg 24 89
00004891.jpg 46 52 58 80 93
00004892.jpg 48 87
00004893.jpg 52 73 82
00004894.jpg 48 89
00004895.jpg 47 59 70
00004899.jpg 37
00004900.jpg 8 13 16
00004903.jpg 52 59 70 96
00004904.jpg 8 36 89
00004906.jpg 8 87
00004907.jpg 8 46
00004910.jpg 52 58 73 80 82
00004912.jpg 37
00004913.jpg 32 58
00004915.jpg 59 87
00004917.jpg 30 73 80
00004919.jpg 10
00004921.jpg 59 70
00004923.jpg 47 59 70 93
00004926.jpg 59
00004928.jpg 70 84 89
00004933.jpg 48 66 84 87
00004934.jpg 87
00004936.jpg 46 52 65
00004942.jpg 58 67
00004945.jpg 46 52 70
00004946.jpg 57
00004948.jpg 10 32
00004952.jpg 12 30
00004953.jpg 5
00004954.jpg 28 49 67
00004956.jpg 70 96
00004959.jpg 52 67 73
00004960.jpg 48 89
00004964.jpg 48 59 73 94
00004965.jpg 46 87
00004966.jpg 54 72 87
00004968.jpg 48 58
00004969.jpg 54 84 87
00004970.jpg 48 52 57
00004973.jpg 46 52 73
00004978.jpg 10
00004979.jpg 47 48 52 64 96
00004982.jpg 37
00004988.jpg 52 73 82
00004990.jpg 54 66 84 87 89
00004991.jpg 37
00004992.jpg 67
00004995.jpg 52 66 82
00005000.jpg 52 66 67
00005003.jpg 73 89
00005004.jpg 8 30 31
00005005.jpg 30 36
00005008.jpg 66
00005009.jpg 66 85 89
00005010.jpg 48 59 70
00005011.jpg 70 87
00005012.jpg 46 70 95
00005013.jpg 48 87
00005019.jpg 73 82 94
00005022.jpg 3 52 96
00005024.jpg 48 58
00005025.jpg 46 70 84 93 94
00005026.jpg 46 58 73 80
00005028.jpg 44 67 84
00005029.jpg 8 10 31 73
00005034.jpg 73 82
00005036.jpg 44 67 89
00005037.jpg 66 82
00005038.jpg 8 36 37
00005041.jpg 37 44 46
00005044.jpg 70 84
00005048.jpg 31 89
00005049.jpg 46 47 52 59 70
00005050.jpg 46 70 95
00005052.jpg 52 73
00005053.jpg 30
00005059.jpg 52 66 84
00005060.jpg 30 58
00005064.jpg 8 73 84 88 94 96
00005068.jpg 58
00005072.jpg 58 73 80
00005077.jpg 46 51 59 70 84 95
00005080.jpg 66 84 87
00005081.jpg 46 73 87
00005082.jpg 48 87
00005083.jpg 48 70 84
00005084.jpg 48 52 82 84 88
00005085.jpg 59 87
00005086.jpg 84 87
00005090.jpg 46 51 52 85
00005093.jpg 47 70 87 101
00005094.jpg 5 58 73
00005097.jpg 47 65 73 94 96
00005099.jpg 37 54 58 67 84 96
00005101.jpg 87
00005106.jpg 52 58
00005108.jpg 67 3
00005110.jpg 46 52 58 73 80
00005116.jpg 66 73 87 94
00005117.jpg 52 64 67 73 89
00005119.jpg 58 82 89
00005120.jpg 47 48 59 70
00005122.jpg 5 58 84 89
00005127.jpg 8 10 30
00005129.jpg 4 30
00005130.jpg 17 58
00005132.jpg 58 73 80
00005133.jpg 37 65 89
00005134.jpg 73 89
00005135.jpg 8 10 31
00005136.jpg 13 37 89
00005138.jpg 57 89
00005140.jpg 89
00005141.jpg 58 73
00005142.jpg 41
00005143.jpg 52 58
00005144.jpg 48 87
00005147.jpg 48 65 87
00005148.jpg 52 73 84 88 89 94
00005149.jpg 46 52 58 82 88
00005151.jpg 47 87
00005152.jpg 52
00005155.jpg 3 58
00005156.jpg 30 40 58
00005160.jpg 46 52 59
00005161.jpg 48 59 66
00005163.jpg 59
00005167.jpg 44 52 67 89
00005168.jpg 59
00005170.jpg 52 66 87
00005172.jpg 9 58 73 80 82
00005174.jpg 14 30
00005178.jpg 24 52 58
00005180.jpg 49 56
00005183.jpg 46 58
00005185.jpg 70 84
00005186.jpg 47 87
00005188.jpg 37 48 66 87
00005190.jpg 59 70 93
00005191.jpg 54 70 84 96
00005193.jpg 46 59
00005194.jpg 82
00005196.jpg 48 66 70 84
00005201.jpg 59
00005206.jpg 21 46 58
00005207.jpg 8 84
00005208.jpg 8
00005210.jpg 58 73 82
00005214.jpg 58 87
00005218.jpg 48 67 84 87
00005219.jpg 48 58
00005220.jpg 37 67
00005221.jpg 8 30 58
00005227.jpg 9 58 73 93
00005228.jpg 46 84 89
00005229.jpg 36
00005231.jpg 48 73 89
00005233.jpg 15
00005236.jpg 24
00005237.jpg 54 67 84 96
00005245.jpg 52 58 67 89
00005248.jpg 52 59
00005249.jpg 46 70 84
00005251.jpg 37 46 73 85
00005254.jpg 32 41
00005256.jpg 30 52 58 73
00005257.jpg 41 44 67
00005262.jpg 8 58
00005263.jpg 8 84
00005264.jpg 10 30
00005265.jpg 46 84
00005267.jpg 58 84
00005271.jpg 85 88
00005272.jpg 52 70 96
00005273.jpg 52 73 96
00005274.jpg 13
00005275.jpg 8 10 30 31 32 33
00005279.jpg 48 64 66 87
00005280.jpg 44 89 94
00005282.jpg 66 84
00005286.jpg 8 73 82
00005289.jpg 70 72
00005293.jpg 46 66
00005294.jpg 61 73
00005295.jpg 46 70 87
00005301.jpg 8 72 84 87
00005302.jpg 94 80
00005303.jpg 8 30 44
00005306.jpg 48
00005309.jpg 87
00005310.jpg 8 84
00005311.jpg 46 96
00005314.jpg 48 59
00005318.jpg 48 84 95
00005319.jpg 46 70 85 98
00005321.jpg 46 67 87
00005325.jpg 58 73 80 84
00005326.jpg 25 30 40 41 52
00005327.jpg 82
00005333.jpg 58 80
00005336.jpg 30 41 44
00005339.jpg 10 29
00005340.jpg 52 58 67
00005341.jpg 70 84
00005345.jpg 46 52 73 89
00005346.jpg 24 58 73 85 94
00005348.jpg 37 66 73
00005349.jpg 8 30
00005353.jpg 66
00005354.jpg 58 73 80 89
00005356.jpg 12 14 30
00005361.jpg 13
00005364.jpg 67 84
00005368.jpg 37 73 89
00005369.jpg 54 70 87 96
00005370.jpg 46 70 82
00005373.jpg 46
00005374.jpg 58 84 87
00005375.jpg 22
00005377.jpg 58
00005379.jpg 9 30 52 58 73 80
00005381.jpg 46 70 84 94
00005382.jpg 48 84 88
00005383.jpg 8 73 89
00005384.jpg 54 87
00005385.jpg 10 13
00005386.jpg 14 27 44
00005388.jpg 32 66
00005389.jpg 67 70
00005390.jpg 52 59 70
00005391.jpg 73
00005392.jpg 73 89
00005394.jpg 64 70 72 84 87
00005397.jpg 9 46 58
00005398.jpg 48 66 73 87 93
00005399.jpg 46 58 66
00005404.jpg 30 37 40
00005408.jpg 3 52 84 88 89
00005414.jpg 10 32 33
00005415.jpg 37 73 82
00005419.jpg 46 52 73 80 89
00005420.jpg 24 47 52
00005421.jpg 72 87
00005422.jpg 8 58
00005424.jpg 70
00005425.jpg 10
00005426.jpg 30 52
00005427.jpg 8
00005428.jpg 8 24 56 89
00005430.jpg 89
00005435.jpg 8 30
00005436.jpg 8 88
00005438.jpg 58 67
00005439.jpg 66
00005445.jpg 5 13
00005448.jpg 52 95
00005452.jpg 47 87
00005455.jpg 9 46 58 73 80 93
00005456.jpg 12 36
00005458.jpg 46 87
00005461.jpg 66 73
00005462.jpg 46 52 64 65 87
00005466.jpg 37 54 84 85 87
00005468.jpg 8 70 84 93 94
00005469.jpg 46 58 94
00005472.jpg 54 66 84 87
00005477.jpg 14 37 52 78
00005478.jpg 46 58 73 80
00005481.jpg 46 70 95
00005485.jpg 48 59 87
00005486.jpg 30
00005491.jpg 70 87
00005492.jpg 87
00005496.jpg 4 5
00005500.jpg 66 87
00005505.jpg 48 58
00005506.jpg 37
00005507.jpg 41
00005508.jpg 52 59 66 95
00005511.jpg 48 59 95
00005513.jpg 8 89
00005514.jpg 46
00005515.jpg 46 52 58 73 80
00005516.jpg 37 48
00005518.jpg 9 24 67 73
00005519.jpg 30 31 33
00005520.jpg 48 66 84 87
00005526.jpg 46 59
00005527.jpg 30 32 42
00005530.jpg 84 89
00005533.jpg 46 89
00005534.jpg 32
00005539.jpg 84
00005541.jpg 37 95
00005545.jpg 8 10
00005547.jpg 52 73 94 96
00005549.jpg 9 52 58 73 80
00005551.jpg 37 54 73 80
00005552.jpg 24
00005556.jpg 30 32 67
00005563.jpg 70 73 82 96
00005564.jpg 37 48 50 89
00005566.jpg 37 84 89
00005567.jpg 84 96
00005569.jpg 48 52 67 80
00005570.jpg 30 8
00005571.jpg 46 52 58 73 80 89
00005572.jpg 46 59
00005573.jpg 24
00005577.jpg 58
00005578.jpg 13
00005580.jpg 89
00005581.jpg 37
00005582.jpg 59
00005583.jpg 9 58
00005586.jpg 59 70
00005588.jpg 66 84 87
00005590.jpg 8 29 82 84 88 94
00005591.jpg 46 70 84 85
00005592.jpg 85 46
00005593.jpg 37 85
00005595.jpg 48 66
00005597.jpg 70 87
00005598.jpg 52 70 82 96
00005599.jpg 67 73 82
00005600.jpg 8
00005601.jpg 3 46 52
00005602.jpg 13 89
00005603.jpg 14
00005604.jpg 48 66 87
00005605.jpg 3 52 84
00005607.jpg 52 58 73 93
00005614.jpg 73
00005619.jpg 46
00005620.jpg 52
00005622.jpg 46 84
00005624.jpg 46 73 85
00005630.jpg 8 58
00005636.jpg 30 58 67
00005638.jpg 48 82
00005640.jpg 46 58
00005642.jpg 8
00005645.jpg 37 48 52 89
00005646.jpg 58
00005650.jpg 46 58 70 84
00005651.jpg 89 94
00005652.jpg 70 85 96
00005653.jpg 66 87
00005657.jpg 3 52
00005658.jpg 46 70 84 89
00005659.jpg 48 66 87
00005660.jpg 8 46 87
00005662.jpg 46
00005663.jpg 46 70 84
00005669.jpg 58 65 93
00005675.jpg 58 82 89
00005677.jpg 47 52 59 93
00005678.jpg 48 80
00005679.jpg 8 84 89
00005684.jpg 10 31
00005685.jpg 46 52 58 73 96
00005687.jpg 65 89
00005688.jpg 46 52 70
00005689.jpg 8 30
00005692.jpg 46 70 73 84 93
00005693.jpg 37 52 67
00005694.jpg 64
00005695.jpg 12 37
00005696.jpg 58
00005697.jpg 30 52 58 80
00005708.jpg 52 67
00005709.jpg 8 10 30 32
00005710.jpg 46 58
00005715.jpg 48 59 87
00005720.jpg 59 85 94
00005721.jpg 41 52
00005723.jpg 46 58 67 73 80 85
00005724.jpg 3 8
00005726.jpg 8 67 87
00005729.jpg 47 70 96
00005730.jpg 29 58
00005731.jpg 33
00005732.jpg 65 72 84 87 88
00005734.jpg 29 30
00005736.jpg 52 70
00005737.jpg 9
00005738.jpg 64 84
00005740.jpg 47 48 59 70
00005741.jpg 49 56
00005743.jpg 46 58 80
00005744.jpg 21 47 48 64 84
00005745.jpg 52
00005746.jpg 30 58
00005750.jpg 47 52
00005755.jpg 8 29 30 40
00005758.jpg 59 87
00005759.jpg 59 70
00005762.jpg 8 72 84 87 88
00005763.jpg 65 96
00005765.jpg 48 66 73
00005766.jpg 52 59
00005767.jpg 71 93
00005768.jpg 58 70 96
00005769.jpg 52 58 67
00005770.jpg 9 46 58 73 82 89
00005772.jpg 8 30 32 67
00005773.jpg 46 58 73 80
00005775.jpg 30 42 82
00005777.jpg 48 59 84
00005778.jpg 46 85
00005779.jpg 46 47 70 84
00005780.jpg 37 54 66 87
00005783.jpg 24 67 73 80
00005788.jpg 46 64
00005789.jpg 12 29 30
00005790.jpg 37 44 58 85
00005791.jpg 48 64
00005792.jpg 12 30 89
00005794.jpg 5 28 49 82
00005795.jpg 57 58 67
00005796.jpg 67 70 72 84
00005800.jpg 66 73 87
00005802.jpg 46 47 52 65
00005803.jpg 8 52 84 88 94
00005804.jpg 58 66 73 94
00005805.jpg 46 59 65
00005806.jpg 10 30 31 36
00005809.jpg 10 30
00005815.jpg 66
00005818.jpg 32 67
00005821.jpg 8 52 73 82 84 88 94
00005823.jpg 10 32
00005825.jpg 14
00005826.jpg 14 37 44
00005827.jpg 48 66 87
00005828.jpg 48 59 64 66
00005829.jpg 48 59 66
00005830.jpg 58 82
00005835.jpg 48 64
00005836.jpg 52
00005840.jpg 52 67
00005841.jpg 51 70 85
00005842.jpg 24 85
00005844.jpg 46 70 84 93
00005846.jpg 30 31 32 33 42 44
00005850.jpg 30 40 41 42
00005851.jpg 94
00005854.jpg 8 10 30
00005855.jpg 48 66 84 96
00005859.jpg 48 59 66
00005860.jpg 48 65
00005861.jpg 46 52 73 89
00005867.jpg 48 64 80 84
00005870.jpg 8 82
00005872.jpg 8 30 31
00005875.jpg 52 58
00005876.jpg 61 73
00005877.jpg 46 65
00005882.jpg 30 58
00005888.jpg 47 48 52 96
00005889.jpg 46 84 89
00005890.jpg 48 64 73
00005897.jpg 12 30
00005903.jpg 8 10 30 67
00005906.jpg 41 49 58
00005908.jpg 47 48 59 70
00005909.jpg 8 47 70
00005912.jpg 8 52 73 82 84 94
00005913.jpg 46 85
00005914.jpg 8 73
00005916.jpg 24 58 73 80
00005919.jpg 30 31 32 33
00005927.jpg 84 87
00005928.jpg 46 84
00005930.jpg 48 58 89
00005931.jpg 30 58
00005936.jpg 52 87
00005939.jpg 46 70 80 84
00005941.jpg 52 87
00005943.jpg 48 66 95
00005945.jpg 31 33
00005946.jpg 14
00005953.jpg 24 37
00005955.jpg 70 84
00005961.jpg 46 84
00005965.jpg 96
00005966.jpg 58 84 87
00005967.jpg 46 87
00005969.jpg 52 56 93
00005970.jpg 46 58 73 80
00005971.jpg 14 31
00005972.jpg 73 89
00005976.jpg 59
00005977.jpg 70 84
00005978.jpg 46 70 84 85
00005979.jpg 70 84
00005984.jpg 54 58 67
00005985.jpg 37 66 89
00005986.jpg 58 66 84 87
00005989.jpg 47 48 73 80 84
00005991.jpg 46 65 89
00005992.jpg 65 87
00005994.jpg 52 58 80
00005995.jpg 84 94
00005996.jpg 89 94
00005997.jpg 58 82
00006000.jpg 4 10
00006001.jpg 52 56 89
00006002.jpg 46 58 73 80 82 84
00006005.jpg 14 30
00006007.jpg 10 30 58
00006009.jpg 8 10 13
00006010.jpg 66 67 87
00006016.jpg 37
00006017.jpg 47 70 71 73 93
00006019.jpg 46 47 59
00006021.jpg 70 84 87
00006024.jpg 9 44 67
00006025.jpg 59 84
00006028.jpg 30 66
00006031.jpg 5
00006034.jpg 8 59
00006036.jpg 8 58 84 88 89
00006040.jpg 85 89
00006041.jpg 59 87
00006045.jpg 46 66 87
00006047.jpg 73 94
00006048.jpg 56 65 89
00006049.jpg 8 32
00006051.jpg 30
00006054.jpg 37 54 73 89
00006055.jpg 46 66
00006056.jpg 46 89
00006059.jpg 52 84 88
00006061.jpg 52 88
00006063.jpg 87
00006064.jpg 46 70
00006065.jpg 48 52
00006066.jpg 58 89
00006072.jpg 37 54 73
00006073.jpg 31 41 44
00006074.jpg 3 52 57 73 94
00006075.jpg 48 70 87
00006076.jpg 30 32 67
00006077.jpg 5
00006078.jpg 47 58
00006079.jpg 89 48
00006080.jpg 48 66 87
00006083.jpg 84 87
00006086.jpg 67 73 80
00006087.jpg 58 59
00006088.jpg 41 73
00006089.jpg 59 70 84
00006091.jpg 48 59 66
00006092.jpg 48 54 89
00006093.jpg 66 87
00006094.jpg 87
00006096.jpg 70 84 87
00006100.jpg 48 82
00006102.jpg 46 70 84 89
00006104.jpg 14
00006113.jpg 58
00006116.jpg 30 58
00006118.jpg 52 70 80 84
00006122.jpg 59 70 101
00006124.jpg 8 35 41 82 84
00006125.jpg 10
00006126.jpg 8 10 30
00006128.jpg 8 41
00006129.jpg 10
00006130.jpg 8 48 58 87 89
00006132.jpg 52 82
00006134.jpg 10 30
00006136.jpg 66 84 87
00006141.jpg 67 82
00006143.jpg 52 84
00006144.jpg 52 73 94
00006145.jpg 13 37
00006146.jpg 10 30
00006148.jpg 30 58
00006150.jpg 10 30 33 89
00006156.jpg 52
00006158.jpg 70
00006159.jpg 84
00006161.jpg 46 64 84
00006163.jpg 41
00006165.jpg 8 30
00006166.jpg 10
00006168.jpg 8 82 84 88 94
00006169.jpg 8 82 84
00006170.jpg 46 59
00006171.jpg 46 52 73 80 89
00006173.jpg 47 52 70
00006174.jpg 52 66 87
00006176.jpg 73 89
00006177.jpg 46 70 87
00006178.jpg 11 37
00006179.jpg 30 40 42
00006180.jpg 59 66 89
00006183.jpg 52 70 96
00006184.jpg 8
00006185.jpg 3 8 48 52
00006187.jpg 48
00006188.jpg 30
00006189.jpg 37 48 76 80
00006192.jpg 58 61 67 73
00006195.jpg 84 87
00006196.jpg 82 84 87
00006197.jpg 66 87
00006198.jpg 8 52 58 67
00006202.jpg 66
00006203.jpg 47 87
00006204.jpg 48 66 84
00006205.jpg 9 58 84 88
00006206.jpg 8 37 67
00006209.jpg 10 31 32 33
00006213.jpg 73 82 84
00006215.jpg 8 73 84 87 88
00006219.jpg 46 52
00006221.jpg 10 67
00006222.jpg 37 52 56
00006224.jpg 73 84 96
00006226.jpg 8 30 32
00006229.jpg 73 82 84 94
00006231.jpg 46
00006234.jpg 46 52 70
00006236.jpg 48 73
00006237.jpg 37 67 70 85
00006241.jpg 47 48
00006242.jpg 46 70 84 85
00006243.jpg 14 31
00006244.jpg 73
00006247.jpg 84
00006248.jpg 29 30
00006252.jpg 37 54
00006254.jpg 5 30
00006255.jpg 32 67
00006256.jpg 5 73 89
00006257.jpg 8 37
00006261.jpg 67 84
00006262.jpg 48 59 70
00006264.jpg 46 59 73
00006267.jpg 54 66 84 87
00006269.jpg 66 87
00006273.jpg 52 73 82 84 88 94
00006275.jpg 5 8 17 31
00006276.jpg 49 85
00006278.jpg 3 52 67 73
00006868.jpg 98 71
00006869.jpg 5 8
00006870.jpg 70 73 94
00006872.jpg 30 47
00006873.jpg 17 98
00006878.jpg 12 14
00006880.jpg 67
00006881.jpg 47 73
00006885.jpg 94
00006888.jpg 31 34 36
00006889.jpg 68 89
00006891.jpg 8 9
00006893.jpg 47 96
00006894.jpg 34 40 89
00006895.jpg 46 49 66
00006904.jpg 52 71 80 89 101
00006905.jpg 21 49
00006911.jpg 67 73
00006912.jpg 84
00006913.jpg 93
00006915.jpg 10 52
00006920.jpg 8
00006922.jpg 70
00006925.jpg 66 85 93 98
00006926.jpg 66 89
00006928.jpg 16
00006930.jpg 65 87
00006931.jpg 82
00006932.jpg 8 31 40 42 96
00006933.jpg 58 73 80
00006938.jpg 46 70
00006940.jpg 12 31
00006941.jpg 8 31
00006943.jpg 14 37
00006944.jpg 17 47
00006946.jpg 89
00006947.jpg 13
00006948.jpg 8 17 44
00006951.jpg 40 8
00006952.jpg 8 10 89
00006953.jpg 24
00006954.jpg 85 96 98
00006955.jpg 12 17
00006958.jpg 58 67
00006960.jpg 30 40 42
00006963.jpg 82 93
00006967.jpg 37 55 71 89
00006968.jpg 85 94 96
00006970.jpg 41 85
00006974.jpg 40 76
00006976.jpg 28 94
00006977.jpg 55 58 71 89
00006978.jpg 68 8
00006979.jpg 15 16
00006982.jpg 46 85 98
00006987.jpg 10
00006988.jpg 85 98
00006989.jpg 11 14 58
00006994.jpg 37
00006995.jpg 10
00006996.jpg 8 10 31
00006998.jpg 48 70
00006999.jpg 5
00007005.jpg 40 89
00007006.jpg 47 98
00007008.jpg 12 29 36
00007010.jpg 37 48 89
00007012.jpg 12 48
00007016.jpg 85 93 98
00007017.jpg 12
00007021.jpg 67 66
00007022.jpg 10 13
00007024.jpg 81
00007028.jpg 46 66 87 98 101
00007036.jpg 12 17
00007037.jpg 40
00007040.jpg 8 10
00007041.jpg 96
00007044.jpg 64 94
00007046.jpg 85 98
00007048.jpg 8 36
00007051.jpg 5 17
00007052.jpg 89 93
00007055.jpg 46 70
00007058.jpg 73 94
00007060.jpg 84 67
00007062.jpg 8 36
00007064.jpg 58
00007065.jpg 98 101
00007066.jpg 87
00007067.jpg 46 51 95
00007068.jpg 67
00007069.jpg 47 68 76
00007070.jpg 40 81
00007076.jpg 5 48 66
00007077.jpg 48 85
00007079.jpg 8 10
00007081.jpg 94
00007082.jpg 30
00007086.jpg 73 89
00007088.jpg 48
00007092.jpg 40
00007093.jpg 57 68
00007094.jpg 29 30 34 40
00007095.jpg 15 11
00007098.jpg 12
00007099.jpg 50 66
00007100.jpg 37 89
00007102.jpg 8 10
00007109.jpg 8
00007110.jpg 52
00007111.jpg 44 81
00007114.jpg 46 70 98
00007115.jpg 46
00007116.jpg 12 44
00007117.jpg 14 36
