00000000.jpg 48 66 90
00000001.jpg 52 70 82 93
00000002.jpg 58 67
00000003.jpg 48 84 85 87
00000004.jpg 46 84 87 96 101
00000005.jpg 48 73 89
00000006.jpg 49 52 59 70 84
00000007.jpg 49 66 70
00000008.jpg 9 24 30 58
00000009.jpg 47 84 95
00000010.jpg 5 9
00000012.jpg 8 73
00000014.jpg 46 71 84
00000015.jpg 54 84 87 96
00000016.jpg 37 54 93
00000017.jpg 3 46 67
00000018.jpg 55 58 73 76
00000019.jpg 14 37 48 52 94 103
00000021.jpg 37 48
00000022.jpg 14 25 29 44
00000025.jpg 47 59 85
00000027.jpg 48 66 96
00000032.jpg 47 52 72
00000033.jpg 46 52 76 77
00000034.jpg 48 65 73 87
00000036.jpg 5 57
00000037.jpg 48 52
00000038.jpg 15 30 37 89
00000039.jpg 58 73 89
00000040.jpg 48 84 87
00000041.jpg 37 54 85
00000044.jpg 37 42 44 54 73 80 89
00000045.jpg 48 58 59 73 93
00000046.jpg 47 56 65 73 96
00000049.jpg 72 82 84 87 96
00000050.jpg 47 67 84
00000051.jpg 52 67 73 89
00000052.jpg 61 73 93 94
00000053.jpg 3 47 58 73
00000054.jpg 5 8 84
00000055.jpg 30 58
00000056.jpg 46 84 87
00000059.jpg 8 52 58
00000060.jpg 3 28 52 73
00000061.jpg 37 87
00000062.jpg 52 58
00000063.jpg 14 44 89
00000064.jpg 52 62
00000065.jpg 14 37
00000066.jpg 48 50 66 87 95 101
00000067.jpg 24 54 72 82 84 87 96
00000068.jpg 9 14 52 58 73 93
00000071.jpg 3 52 59 67 96
00000072.jpg 37 52 54 56 66 85
00000074.jpg 48 49 52 66 70 103
00000075.jpg 4 10 24
00000076.jpg 37 48 59 89
00000077.jpg 37 48 66 72 84 87
00000078.jpg 24 66 73 80 102
00000079.jpg 30 58
00000080.jpg 9 41 58 73
00000081.jpg 67 73
00000082.jpg 9 48 66 87
00000083.jpg 52 76 82 87 94
00000084.jpg 28 54 58 73 80 93
00000085.jpg 47 71 77 100
00000087.jpg 29 30 40 52
00000090.jpg 10 73 94
00000091.jpg 58 59 70
00000092.jpg 48 66 84
00000093.jpg 10 30 89
00000094.jpg 3 46 52 58 80
00000095.jpg 24 44 52 67 89
00000096.jpg 46 70 85
00000097.jpg 10 52
00000099.jpg 3 8 48 93
00000100.jpg 49 67 73 93
00000102.jpg 8 10 30 32
00000103.jpg 51 70
00000104.jpg 47 54 67 73 82 93
00000105.jpg 24 73 85
00000106.jpg 4 8 13 30 58
00000107.jpg 51 52
00000108.jpg 46 49 52
00000109.jpg 5 73
00000110.jpg 54 70 72 84 87
00000111.jpg 48 70 84
00000113.jpg 58 72 85 87 89
00000114.jpg 46 58 73 93
00000115.jpg 8 47 52 70 87
00000116.jpg 30 67
00000117.jpg 24 47
00000119.jpg 47 66 72
00000121.jpg 12 36
00000122.jpg 8 10 30
00000123.jpg 30 58
00000124.jpg 49 58
00000126.jpg 44 52
00000127.jpg 10 30 32
00000128.jpg 56 67 73 82