00004404.jpg 30 58
00004405.jpg 40 84
00004419.jpg 48 87
00004421.jpg 46 58
00004426.jpg 30 58
00004430.jpg 46 47 64
00004441.jpg 47 70 87 89
00004442.jpg 73
00004443.jpg 30 32 58
00004447.jpg 47 66
00004450.jpg 52
00004460.jpg 89
00004462.jpg 46 70 84
00004469.jpg 52 84
00004471.jpg 10 13
00004474.jpg 48 54 66 89
00004483.jpg 54 58 70
00004489.jpg 87
00004494.jpg 58
00004498.jpg 1 4 5
00004512.jpg 46 96
00004515.jpg 48 59
00004516.jpg 10 46 59
00004517.jpg 59
00004520.jpg 8 58
00004524.jpg 55 58 89
00004526.jpg 8 52
00004530.jpg 89
00004538.jpg 82 84 88
00004544.jpg 48
00004549.jpg 48 66 89
00004554.jpg 59
00004560.jpg 29 58
00004565.jpg 30 52
00004569.jpg 8 84 85 87
00004570.jpg 46 59 70
00004577.jpg 46 70 87
00004578.jpg 52 59
00004584.jpg 47
00004588.jpg 47 89
00004590.jpg 8 10 30
00004594.jpg 48 59
00004599.jpg 52
00004607.jpg 37 73 89
00004610.jpg 48 82
00004617.jpg 11 52 84 85 93
00004618.jpg 46 48 59
00004622.jpg 3
00004626.jpg 46 52 58 73 80
00004627.jpg 8 84
00004632.jpg 30
00004634.jpg 46 70 84
00004640.jpg 46 70
00004641.jpg 3 48 87
00004645.jpg 3
00004647.jpg 37 47 89 96
00004653.jpg 46 58 89
00004657.jpg 48 52 72 84
00004665.jpg 52 58
00004669.jpg 46 50
00004671.jpg 10 58
00004679.jpg 10 30
00004687.jpg 67 73 80
00004689.jpg 47 59 66 96
00004691.jpg 9 54 82 84 94
00004694.jpg 58 73 80
00004705.jpg 52 58 80
00004707.jpg 52 58
00004720.jpg 66 82
00004721.jpg 48 70 84 87
00004723.jpg 37 46 89
00004731.jpg 87
00004732.jpg 48 58 59 70
00004734.jpg 48 52 70 96
00004735.jpg 30 58
00004736.jpg 10 30
00004738.jpg 70 72 84
00004746.jpg 30 52
00004747.jpg 46 58 59
00004755.jpg 8 10 13
00004773.jpg 85
00004776.jpg 46
00004778.jpg 58 98
00004779.jpg 48 66 70 96
00004781.jpg 48 70 87
00004782.jpg 46
00004785.jpg 58
00004787.jpg 10 30
00004789.jpg 12 59
00004793.jpg 8 48 59 70
00004800.jpg 52 58
00004807.jpg 47 73 87
00004808.jpg 58 84
00004809.jpg 82 84
00004817.jpg 52 67
00004835.jpg 3 46 58 73 80
00004838.jpg 52 56
00004840.jpg 4 10 30
00004843.jpg 52 73 76 82 88
00004844.jpg 48 101
00004845.jpg 30 31 52
00004851.jpg 84
00004864.jpg 8 30 32
00004870.jpg 52 58
00004872.jpg 5
00004875.jpg 24 44 58
00004879.jpg 37 52 93
00004884.jpg 46 70 84
00004886.jpg 9 24 30 58
00004888.jpg 67 70 82
00004889.jpg 59
00004897.jpg 10 30
00004898.jpg 66
00004914.jpg 46 70 85
00004916.jpg 58 82
00004924.jpg 46 84
00004925.jpg 87
00004927.jpg 48 70 87
00004929.jpg 30
00004937.jpg 8 30 40 41 42 43
00004938.jpg 58
00004940.jpg 10 54 70
00004941.jpg 30 67
00004943.jpg 45 73 89
00004944.jpg 30 52
00004950.jpg 58 67
00004957.jpg 46 70
00004958.jpg 70
00004962.jpg 84 87
00004967.jpg 52 89
00004971.jpg 84 96
00004972.jpg 47 84 87
00004975.jpg 48
00004981.jpg 10 30 32
00004985.jpg 37 70 82 84
00004987.jpg 14 37 44
00004996.jpg 46 70 84
00004999.jpg 46 59 70
00005001.jpg 37 89
00005002.jpg 73
00005006.jpg 46 84
00005015.jpg 8 46 73 80
00005017.jpg 70 84 91
00005030.jpg 58
00005032.jpg 47 87
00005033.jpg 46 52 58 80
00005039.jpg 48 52 96
00005040.jpg 46 66 84
00005042.jpg 48 59 70 87
00005043.jpg 37 73 89
00005051.jpg 8 10 31
00005054.jpg 5 8 30
00005055.jpg 50
00005058.jpg 40
00005061.jpg 37 48
00005063.jpg 87
00005065.jpg 8 52
00005069.jpg 85
00005070.jpg 84 89
00005073.jpg 67
00005078.jpg 29 58
00005087.jpg 48 59 70
00005088.jpg 8 52 89
00005092.jpg 9 46 58
00005095.jpg 48 70 84 96
00005096.jpg 37 82 87 89
00005107.jpg 82
00005113.jpg 30
00005123.jpg 55
00005125.jpg 3
00005126.jpg 8 52
00005128.jpg 41
00005139.jpg 9 47 93
00005145.jpg 8 29 30 36 37
00005157.jpg 25
00005158.jpg 48 84
00005159.jpg 46 84
00005162.jpg 84 87
00005164.jpg 48
00005165.jpg 37 48
00005175.jpg 65
00005176.jpg 37 89
00005179.jpg 8 10
00005181.jpg 46 58 73 80 89
00005198.jpg 70 82
00005202.jpg 57 89
00005205.jpg 58
00005213.jpg 47 84 88
00005216.jpg 46 70 84 91
00005217.jpg 46 59 70 82
00005223.jpg 52 82
00005230.jpg 52
00005232.jpg 8 30 31 32 40
00005238.jpg 66 73 93
00005242.jpg 67 87
00005246.jpg 46 70 95
00005250.jpg 8 30 67
00005255.jpg 3 47 58
00005259.jpg 10 67
00005261.jpg 37 65 73 89
00005277.jpg 58
00005283.jpg 10
00005284.jpg 37 89
00005288.jpg 87 89
00005290.jpg 73 87
00005292.jpg 48 64 70
00005298.jpg 65 89
00005304.jpg 48 66 84 87
00005305.jpg 52 58
00005307.jpg 84
00005308.jpg 37
00005313.jpg 8 10
00005315.jpg 30 58
00005320.jpg 47 66 87
00005328.jpg 48 66 84 87
00005329.jpg 46 70 73
00005330.jpg 52 65 89
00005331.jpg 46 70
00005332.jpg 30 32 67
00005344.jpg 46 52 70 89
00005350.jpg 8 84 94
00005351.jpg 58
00005352.jpg 46 59 70 96
00005355.jpg 24 70 73
00005358.jpg 73 82
00005359.jpg 46 48 58 73 80
00005363.jpg 51 89
00005366.jpg 46 52 70 89
00005372.jpg 47 70 73
00005378.jpg 46 52 59 70 103
00005387.jpg 46 84
00005395.jpg 58 59
00005396.jpg 24 47
00005401.jpg 70 84 95
00005405.jpg 52 58 73 80
00005407.jpg 5 84 88 94 102
00005410.jpg 52 66
00005411.jpg 46 70 89 96
00005416.jpg 52 73 84 88 89
00005423.jpg 84
00005431.jpg 37 58
00005432.jpg 58 73 80 89
00005440.jpg 46 70 73 80
00005443.jpg 48 59 66
00005451.jpg 11 13 52 58
00005453.jpg 12
00005457.jpg 24 58
00005463.jpg 47 65 73 87
00005464.jpg 47 87
00005474.jpg 29 58
00005480.jpg 46 52 84
00005483.jpg 46 70 87
00005487.jpg 8 52
00005490.jpg 58 66
00005493.jpg 8 30 58
00005494.jpg 67
00005498.jpg 47 59 70
00005499.jpg 10 67
00005502.jpg 58
00005504.jpg 8 103
00005517.jpg 87 89
00005524.jpg 54 72 84 89 93
00005525.jpg 47 52 82 89
00005528.jpg 37
00005536.jpg 48 66 84 87 88
00005537.jpg 46 70
00005538.jpg 47 84
00005540.jpg 10 37
00005542.jpg 48 58 73
00005543.jpg 8 10 30
00005544.jpg 10 46
00005546.jpg 32 67
00005548.jpg 8 36
00005550.jpg 56 66 89 101
00005553.jpg 9 27
00005557.jpg 54 70 84 96
00005561.jpg 46 87
00005568.jpg 73
00005576.jpg 24 30
00005584.jpg 48 84
00005585.jpg 9 46 58 80 82 93
00005587.jpg 46 65 96
00005608.jpg 46 52 73
00005609.jpg 79 51
00005611.jpg 8 37 58 89
00005616.jpg 10
00005621.jpg 10 13 14
00005623.jpg 48 73 82
00005625.jpg 73 84 87 89
00005631.jpg 87
00005644.jpg 54 70 84 96
00005654.jpg 70 84
00005661.jpg 30
00005667.jpg 8 30
00005670.jpg 70 87
00005674.jpg 37 48 89
00005680.jpg 11 25 58 87 89
00005682.jpg 48 50 64
00005683.jpg 48 59
00005686.jpg 48 66
00005691.jpg 89 48
00005700.jpg 47 59 70
00005701.jpg 58 65
00005705.jpg 46 58 70 95
00005707.jpg 48 46
00005711.jpg 81 84 89
00005716.jpg 24 54 89
00005719.jpg 5 58
00005722.jpg 52
00005727.jpg 8 31
00005739.jpg 46 66 87
00005747.jpg 32
00005749.jpg 59 70
00005752.jpg 65 89
00005753.jpg 48 88
00005757.jpg 9
00005761.jpg 89
00005764.jpg 84 87 90
00005771.jpg 8
00005781.jpg 37 48 67 96
00005785.jpg 47
00005787.jpg 87 101
00005797.jpg 14 37
00005799.jpg 12 30 31 32
00005807.jpg 31
00005810.jpg 48 84 87
00005813.jpg 46 59 70
00005816.jpg 48 59 66
00005822.jpg 9 49 52 58 73 80
00005824.jpg 5 8
00005831.jpg 47 70 84 87
00005832.jpg 48 70
00005837.jpg 8 47 48 72
00005838.jpg 46 70
00005845.jpg 48
00005848.jpg 58
00005852.jpg 8 10 30
00005853.jpg 30
00005858.jpg 10 59
00005862.jpg 82 89 93
00005865.jpg 47 89
00005868.jpg 25 30
00005869.jpg 46 47 59 70
00005871.jpg 10
00005878.jpg 52
00005879.jpg 14 37
00005881.jpg 10
00005883.jpg 46 96 101
00005894.jpg 52 58
00005895.jpg 54 73 87
00005898.jpg 58
00005899.jpg 4 5
00005902.jpg 48 66 84
00005907.jpg 10 13
00005920.jpg 37 54
00005923.jpg 10 30
00005924.jpg 37 48 73 89
00005929.jpg 46 70 87
00005932.jpg 8 30 32 42
00005934.jpg 52 84 88
00005935.jpg 8 84 87 88
00005938.jpg 54 70 73
00005940.jpg 46 59
00005942.jpg 37 48 70 89
00005944.jpg 46 58 84
00005949.jpg 48 50 70 87
00005950.jpg 47 70 73 87
00005954.jpg 87
00005958.jpg 47 58 65 96
00005959.jpg 47 58 70
00005962.jpg 67 84 91
00005963.jpg 46 70 80 84 91
00005968.jpg 70 84
00005973.jpg 47 70 84 87
00005980.jpg 58
00005982.jpg 52 58
00005990.jpg 8 10 37
00005993.jpg 30 52
00005998.jpg 9 46 58 73 80 82
00006003.jpg 58
00006006.jpg 8 30 40
00006012.jpg 58
00006014.jpg 48 73
00006023.jpg 8 52 58 73 80
00006030.jpg 14 36
00006032.jpg 46 48 70 84
00006035.jpg 37 52 66
00006038.jpg 87
00006046.jpg 14 37
00006050.jpg 48 59
00006057.jpg 8 31
00006060.jpg 48 87 89
00006062.jpg 73 87 89
00006067.jpg 54 70 73 87
00006068.jpg 52 73
00006069.jpg 46 52 58
00006071.jpg 8 84 85 87
00006082.jpg 5 50
00006084.jpg 14 44
00006085.jpg 8
00006090.jpg 52 73 84 87 88
00006101.jpg 46 52 84 95
00006103.jpg 8
00006106.jpg 52 67
00006109.jpg 47 65 101
00006110.jpg 8 58
00006112.jpg 82 84
00006119.jpg 8
00006120.jpg 46
00006121.jpg 46 58
00006123.jpg 46 47 70 84 87 91
00006131.jpg 54 70 87
00006137.jpg 58 87
00006138.jpg 8 30
00006149.jpg 46 87
00006151.jpg 8 24 49 67 76 89
00006152.jpg 46 91
00006153.jpg 48 52
00006154.jpg 87
00006155.jpg 58 70
00006157.jpg 48
00006162.jpg 30 58
00006164.jpg 57
00006172.jpg 48 66 87
00006186.jpg 13 44
00006201.jpg 48 50 59 66
00006216.jpg 10 30
00006220.jpg 61
00006225.jpg 52 58
00006240.jpg 30
00006249.jpg 8 10
00006250.jpg 52 58 65
00006251.jpg 52 58 73 80
00006258.jpg 48 70 93
00006259.jpg 48 59
00006268.jpg 48 82
00006270.jpg 3 67
00006271.jpg 37 47 58 87
00006272.jpg 70 93 95
00006274.jpg 27 8
00006277.jpg 47 52
00006279.jpg 52
00006871.jpg 58 93
00006874.jpg 48 89
00006875.jpg 61
00006882.jpg 52
00006883.jpg 9 49 53 89
00006887.jpg 48 87
00006897.jpg 10
00006898.jpg 48
00006902.jpg 8 70
00006903.jpg 39
00006907.jpg 89
00006909.jpg 84
00006910.jpg 37 52 79 88
00006916.jpg 87 89
00006918.jpg 24 56 67
00006919.jpg 80
00006923.jpg 36
00006927.jpg 89 90
00006934.jpg 84
00006935.jpg 37 46 93
00006937.jpg 5 25
00006942.jpg 58
00006950.jpg 46 70 84 93
00006956.jpg 8 89
00006957.jpg 81 52
00006962.jpg 10 14
00006966.jpg 84
00006972.jpg 8 41
00006973.jpg 82 67
00006975.jpg 66 68
00006980.jpg 11 39 55 58
00006981.jpg 54 89
00006983.jpg 52 58
00006984.jpg 40 68
00006992.jpg 94 82
00006993.jpg 37 48 65 73 89
00007001.jpg 9 58 73 89
00007002.jpg 11
00007003.jpg 66
00007004.jpg 45
00007009.jpg 1 52
00007015.jpg 70 89
00007020.jpg 49
00007025.jpg 12 29 30
00007030.jpg 89 58
00007031.jpg 14 37
00007032.jpg 45 59
00007034.jpg 51
00007049.jpg 10 32
00007053.jpg 87 101
00007056.jpg 41 42 45
00007057.jpg 73
00007061.jpg 52 67
00007063.jpg 36 46 70
00007072.jpg 8
00007078.jpg 37
00007080.jpg 67
00007089.jpg 57 68 76
00007091.jpg 37 54 70
00007097.jpg 17
00007101.jpg 89
00007107.jpg 46 84
00007108.jpg 17 85
