00000000.jpg 0 90 48 66
00000001.jpg 0 70 82 52 93
00000002.jpg 0 58 67
00000003.jpg 0 48 84 85 87
00000004.jpg 0 96 101 46 84 87
00000005.jpg 48 0 89 73
00000006.jpg 0 70 49 84 52 59
00000007.jpg 0 49 66 70
00000008.jpg 0 9 30 24
00000009.jpg 0 84 95 47
00000010.jpg 0 9 5
00000012.jpg 0 73 8
00000014.jpg 0 84 46 71
00000015.jpg 0 96 84 54 87
00000016.jpg 0 37 93 54
00000017.jpg 0 3 67 46
00000018.jpg 0 73 76 55 58
00000019.jpg 0 37 103 14 48 52 94
00000021.jpg 0 48 37
00000022.jpg 0 44 14 25 29
00000025.jpg 0 85 47
00000027.jpg 0 66 48 96
00000032.jpg 0 72 52 47
00000033.jpg 0 96 77 13 52
00000034.jpg 0 65 73 48 87
00000036.jpg 0 57 5
00000037.jpg 0 48 52
00000038.jpg 0 37 16 89 30
00000039.jpg 0 89 58 73
00000040.jpg 0 3 84 93
00000041.jpg 0 37 85
00000044.jpg 0 37 73 42 44 80 54 89
00000045.jpg 0 73 48 58 93
00000046.jpg 0 65 96 73 56 93
00000049.jpg 0 96 72 82 84 87
00000050.jpg 0 67 84 47
00000051.jpg 0 67 73 52 89
00000052.jpg 0 73 93 61 94
00000053.jpg 0 3 73 47 58
00000054.jpg 0 8 84 5
00000055.jpg 0 58 30
00000056.jpg 0 84 46 87
00000059.jpg 0 81 58 48
00000060.jpg 0 3 73 52 28
00000061.jpg 0 37 87
00000062.jpg 0 58 52
00000063.jpg 0 44 37 14
00000064.jpg 0 52 62
00000065.jpg 0 37 14
00000066.jpg 0 66 101 48 87 89
00000067.jpg 0 96 72 82 84 54 87 24
00000068.jpg 0 73 9 14 52 58 93
00000071.jpg 96 0 67 3 52 59
00000072.jpg 0 66 52 85 54 56
00000074.jpg 0 66 70 48 49 84 52
00000075.jpg 0 44 46 52
00000076.jpg 0 37 48 89 59
00000077.jpg 0 66 37 72 48 84
00000078.jpg 0 102 73 80 24
00000079.jpg 0 58 30
00000080.jpg 0 41 9 73 58
00000081.jpg 0 67 54
00000082.jpg 0 66 9 48 87
00000083.jpg 0 76 82 87 94
00000084.jpg 0 73 54 58 28 93
00000085.jpg 0 77 71 47
00000087.jpg 0 8 40 29 30
00000090.jpg 0 73 58 30
00000091.jpg 0 58 59 70
00000092.jpg 0 66 48 84
00000093.jpg 0 89 10 30
00000094.jpg 0 3 46 80 52 58
00000095.jpg 0 67 52 24 89
00000096.jpg 0 70 85 46
00000097.jpg 0 10 52
00000099.jpg 0 3 8 48 93
00000100.jpg 0 67 73 49 93
00000102.jpg 0 32 8 10 30
00000103.jpg 0 51 70
00000104.jpg 0 67 73 47 82 54 93
00000105.jpg 0 24 85 73
00000106.jpg 0 4 8 13 58
00000107.jpg 0 51 52
00000108.jpg 0 49 52 46
00000109.jpg 0 73 5
00000110.jpg 0 70 72 84 54 87
00000111.jpg 0 48 84 70
00000113.jpg 0 9 85 87 89 58
00000114.jpg 0 73 46 58 93
00000115.jpg 0 70 8 47 52 87
00000116.jpg 0 67 30
00000117.jpg 0 24 46
00000119.jpg 0 48 96 66
00000121.jpg 0 12 36
00000122.jpg 0 8 10 30
00000123.jpg 0 58 30
00000124.jpg 0 49 58
00000126.jpg 0 84 44
00000127.jpg 0 29 30
00000128.jpg 0 67 73 82 56
00000129.jpg 0 10 30
00000130.jpg 0 24 58
00000131.jpg 0 8 84 47
00000132.jpg 0 9 11 81 58
00000133.jpg 0 67 52 94
00000134.jpg 0 70 47 84 87
00000136.jpg 0 70 9 47 48 59
00000137.jpg 0 65 58
00000138.jpg 0 48 77 103
00000139.jpg 0 48 59 70
00000140.jpg 0 70 37 94
00000141.jpg 0 8 14
00000142.jpg 0 59 67
00000143.jpg 0 82 85
00000144.jpg 0 48 93 87
00000146.jpg 0 3 52
00000147.jpg 0 65 52
00000149.jpg 0 58 13
00000150.jpg 0 8 10
00000152.jpg 0 48 4
00000153.jpg 0 10 31
00000156.jpg 0 3 9 52 58 94
00000157.jpg 0 96 66 46 48 84 87
00000158.jpg 80 0 58 73
00000159.jpg 0 70 48 84 59 94
00000160.jpg 0 67 73 47 89 28
00000162.jpg 0 66 73 46 89
00000163.jpg 0 96 47 48 52 87
00000164.jpg 0 66 98 73 49 50 24 93
00000165.jpg 0 96 5 8 73 84 87 94
00000166.jpg 0 66 46 89 58
00000167.jpg 0 72 46 48 87 89
00000168.jpg 0 3 8 73 46 58
00000169.jpg 0 37 14
00000170.jpg 0 5 52 101
00000172.jpg 0 57 58
00000174.jpg 0 9 10 16 89
00000175.jpg 0 73 46 48 80 24 58
00000176.jpg 0 73 80 82 58 93
00000178.jpg 0 70 8 46 84 87
00000179.jpg 0 37 46 54 87 89
00000180.jpg 0 89 48 37
00000183.jpg 0 70 87 47
00000184.jpg 0 67 70 8 80 52 95
00000185.jpg 0 49 58
00000186.jpg 0 10 37
00000188.jpg 0 73 80 52 58
00000189.jpg 0 48 52
00000190.jpg 0 66 70 72 87 24
00000193.jpg 0 44 14 31
00000195.jpg 0 57 48
00000196.jpg 0 72 52
00000198.jpg 0 46 70 87
00000201.jpg 67 37 8 73 54 55 89 58 93
00000203.jpg 0 48 87
00000204.jpg 0 8 47 95
00000205.jpg 0 34 54
00000207.jpg 0 84 46 87
00000208.jpg 0 46 66 70
00000209.jpg 0 59 70 47
00000210.jpg 0 8 30
00000211.jpg 0 8 30
00000213.jpg 0 52 85
00000214.jpg 0 65 52 87
00000215.jpg 0 8 12
00000217.jpg 0 47 52 54 93
00000218.jpg 0 66 84 47
00000219.jpg 0 48 59 70
00000220.jpg 0 46 48 85 59
00000222.jpg 0 66 52 87 59
00000224.jpg 0 8 10 31
00000225.jpg 0 73 46 80 58 93
00000226.jpg 0 5 52 13
00000227.jpg 0 48 88 52
00000228.jpg 0 9 46 52 58
00000230.jpg 0 73 9 48 58 59
00000231.jpg 0 37 14
00000233.jpg 0 58 59 46
00000234.jpg 0 89 48 52
00000235.jpg 0 67 84 46
00000236.jpg 0 73
00000237.jpg 0 44 14
00000238.jpg 0 48 66 85
00000239.jpg 0 67 70 84 87
00000240.jpg 0 64 65 73 48
00000241.jpg 0 96 46 89 59
00000243.jpg 0 54 59 70
00000244.jpg 0 38 70 58 59
00000245.jpg 0 66 32 52
00000247.jpg 0 37 46 80 52 89 58
00000248.jpg 0 70 46 84 93
00000249.jpg 0 25 58
00000250.jpg 0 3 46 50 84 89 93
00000251.jpg 0 8 84 5
00000252.jpg 0 34 12 30
00000253.jpg 0 73 48 82 93
00000254.jpg 0 5 8 84 88 89
00000257.jpg 0 96 46 58 93
00000259.jpg 0 8 9 16 48
00000260.jpg 0 67 8 25 30
00000261.jpg 0 32 67
00000262.jpg 0 18 48 87
00000264.jpg 0 70 46 87 58
00000266.jpg 0 3 73 46 58 93
00000267.jpg 0 45 48 89 58
00000268.jpg 0 71 76 48 80 84 88 93
00000269.jpg 0 73 56 80
00000270.jpg 0 66 37 54
00000272.jpg 0 73 94 71
00000273.jpg 0 1 27
00000275.jpg 0 24 67 30
00000276.jpg 0 52 78
00000278.jpg 0 48 52
00000279.jpg 8 0 58 25
00000280.jpg 0 73 3 52
00000281.jpg 0 10 13
00000282.jpg 0 64 47 48 87
00000283.jpg 0 9 52 58 30
00000284.jpg 0 48 59 93
00000285.jpg 0 16 58 46
00000286.jpg 0 66 47 82 93
00000288.jpg 0 96 70 73 48
00000289.jpg 0 66 72 48 84 87
00000290.jpg 0 70 46 52 85 93
00000291.jpg 0 66 52 24 58
00000293.jpg 0 3 46 89 58 94
00000294.jpg 0 66 47 48 84 87
00000295.jpg 0 57 88 84
00000297.jpg 0 25 62
00000298.jpg 0 33 32 67
00000299.jpg 0 37 71 73 85 54
00000300.jpg 0 98 58 101
00000301.jpg 0 66 70 47 54 59
00000302.jpg 0 81 52 85 54 58
00000303.jpg 96 0 48
00000304.jpg 0 3 46 80 58
00000306.jpg 0 10 32
00000307.jpg 0 8 76 47 59 93
00000308.jpg 0 52 13
00000309.jpg 0 66 76 46
00000312.jpg 0 102 46 52 58
00000313.jpg 0 70 46 87
00000314.jpg 0 70 51 84 89
00000315.jpg 0 73 9 48 28
00000316.jpg 0 84 54 89 58 94
00000317.jpg 0 66 101 87 56
00000318.jpg 0 67 70 73 9 80 82 58
00000319.jpg 0 73 48 65
00000320.jpg 0 70 46 84 89
00000321.jpg 0 66 70 48 84 87
00000322.jpg 0 96 66 37 51
00000324.jpg 0 8 72 82 84 88 94
00000325.jpg 0 66 82 52 24
00000326.jpg 0 5 13
00000327.jpg 0 33 103 44 14
00000328.jpg 0 10 4
00000330.jpg 0 93 94
00000331.jpg 0 8 52
00000332.jpg 0 13 37
00000333.jpg 0 9 50 25 58 57
00000334.jpg 0 25 37 78
00000335.jpg 0 91 84 46
00000336.jpg 0 49 58 44
00000337.jpg 0 66 54 87
00000338.jpg 0 80 54
00000339.jpg 0 48 70 87
00000340.jpg 0 48 76 37
00000342.jpg 0 8 41 73 84 58
00000344.jpg 0 73 76 44 48 87
00000346.jpg 0 58 4 30
00000349.jpg 0 58 91 37
00000350.jpg 0 58 13
00000351.jpg 0 58 56 52
00000352.jpg 0 73 46 58 93
00000353.jpg 0 65 95 55
00000354.jpg 0 72 48 84 87 89
00000355.jpg 0 101 70 47 87 93
00000356.jpg 0 75 44 48 24 57
00000358.jpg 0 73 46 80 82 58 93
00000359.jpg 0 98 70 84 89
00000360.jpg 0 12 29 30
00000361.jpg 0 67 80 82 58 59
00000362.jpg 0 66 54 87
00000363.jpg 0 66 3 47 52
00000364.jpg 0 96 70 72 51
00000365.jpg 0 66 100 37 54 87
00000366.jpg 0 82 3 47
00000367.jpg 8 0 80 54
00000368.jpg 0 73 9 48 84 88
00000369.jpg 0 89 67 52
00000370.jpg 0 73 48 91
00000371.jpg 0 67 103 87 89
00000372.jpg 0 101 70
00000373.jpg 0 8 84
00000374.jpg 0 72 61 87
00000375.jpg 0 89 51 37
00000376.jpg 0 52 5
00000377.jpg 0 66 59 47
00000378.jpg 0 50 94 87
00000380.jpg 0 24 58 44
00000381.jpg 0 8 59 46
00000382.jpg 0 58 31
00000383.jpg 0 8 30
00000384.jpg 0 20 5 31
00000386.jpg 0 37 103 14 58
00000387.jpg 0 73 46 80 58 93
00000388.jpg 0 46 84 70
00000390.jpg 0 46 24 58 93
00000391.jpg 0 3 46 80 58
00000392.jpg 0 96 67 82 87
00000393.jpg 0 48 66
00000394.jpg 0 70 46 88 59
00000395.jpg 0 64 48 49 87
00000397.jpg 0 48 59 66
00000399.jpg 0 16 11 13
00000400.jpg 0 9 73 84 89 58
00000402.jpg 0 37 54 14
00000405.jpg 0 65 48 47
00000406.jpg 0 8 67
00000407.jpg 0 3 46 80 58
00000409.jpg 0 73 9 24 89 58
00000412.jpg 0 89 73 47
00000413.jpg 0 72 103 87
00000414.jpg 0 32 30 7
00000415.jpg 0 25 34
00000416.jpg 0 3 73 46 80 82
00000417.jpg 0 66 73 52 56
00000419.jpg 0 89 73 46
00000420.jpg 0 56 87
00000421.jpg 0 89 67 52
00000423.jpg 0 11 46 80 18
00000424.jpg 0 89 48 95
00000426.jpg 0 77 47 52 58
00000427.jpg 0 48 3 58
00000428.jpg 0 70 10 46 30
00000429.jpg 0 73 52 85 94
00000430.jpg 0 73 80 24 58
00000431.jpg 0 58 52
00000432.jpg 0 46 70 95
00000433.jpg 0 48 66 59
00000434.jpg 0 49 66 44
00000436.jpg 0 24 58 44
00000438.jpg 0 48 87
00000439.jpg 0 82 91 54
00000440.jpg 0 93 70 47
00000441.jpg 0 58 31
00000442.jpg 0 9 58
00000443.jpg 0 73 48 91
00000444.jpg 0 73 3 46
00000445.jpg 0 58 91 47
00000447.jpg 0 32 67 30
00000448.jpg 0 89 58 84
00000449.jpg 0 24 67
00000450.jpg 0 96 98 70 93
00000453.jpg 0 5
00000454.jpg 0 73 80 52 58
00000455.jpg 0 65 47
00000456.jpg 0 96 46 52 58
00000457.jpg 0 72 73 83 52 84
00000459.jpg 0 24 58 48
00000460.jpg 0 66 70 48 52 84
00000461.jpg 0 70 84 54 87
00000462.jpg 0 47 70 87
00000463.jpg 0 89 58 73
00000464.jpg 0 70 73 9 52 24 89
00000466.jpg 0 66 46 56 93
00000467.jpg 0 10 29
00000468.jpg 0 48 59 96
00000469.jpg 0 66 48 84 52 89 95
00000471.jpg 0 48 84 70
00000472.jpg 3 70 46 48 52 58
00000473.jpg 0 70 52 85 30
00000475.jpg 0 5 15
00000476.jpg 0 25 10
00000477.jpg 0 80 84 24 91 93
00000478.jpg 0 10 15
00000479.jpg 0 10 31
00000480.jpg 0 59 14 47
00000481.jpg 0 100 71 80 89 93
00000482.jpg 0 70 46 85 59
00000484.jpg 0 58 29
00000485.jpg 0 84 70
00000486.jpg 0 70 46 84 93
00000487.jpg 0 4 10 30 31
00000488.jpg 0 8 82 84 87
00000490.jpg 0 48 82 52 58
00000491.jpg 0 70 46 52 59
00000493.jpg 0 59 70 47
00000494.jpg 0 76 49 84 56 90 93 94
00000495.jpg 0 41 58
00000496.jpg 0 33 10
00000497.jpg 0 32 67 52 89
00000498.jpg 0 46 80 52 58 30
00000499.jpg 0 8 10 30
00000500.jpg 0 73 49 87 58 28
00000504.jpg 0 87 70 47
00000505.jpg 0 9 58 13
00000506.jpg 66 46 48 80 58
00000507.jpg 0 96 37 70 84 54
00000508.jpg 0 37 73 84 54 89 93
00000509.jpg 0 57 48 52
00000510.jpg 0 84 93 46
00000511.jpg 0 65 41 73 52
00000512.jpg 0 48 84 87
00000513.jpg 0 64 65 80 84 56
00000514.jpg 0 52 84 89 94
00000515.jpg 0 98 69 103 73 77 46 52 85 94
00000516.jpg 0 82 52 84 87 88 94
00000517.jpg 0 34 46 58 94
00000518.jpg 0 50 93 77
00000519.jpg 0 65 9 48 58
00000520.jpg 0 73 67
00000521.jpg 0 12 30
00000522.jpg 0 65 73 80 54 91
00000523.jpg 0 8 96
00000524.jpg 0 101 70 84 52
00000526.jpg 0 24 46
00000527.jpg 0 8 84 85 87
00000529.jpg 0 67 52
00000532.jpg 0 24 50
00000535.jpg 0 33 32 42 43 89 31
00000536.jpg 0 66 73 84 89 93
00000537.jpg 0 52 84
00000538.jpg 0 67 52 85 89
00000539.jpg 0 58 70 95
00000540.jpg 64 0 66 48 52 87 89
00000541.jpg 0 9 76 47 54 58 59
00000543.jpg 0 73 59 46
00000544.jpg 48 0 84
00000545.jpg 0 48 52 66
00000547.jpg 0 66 48 30
00000548.jpg 0 37 52 55 89
00000549.jpg 96 0 70 46 84 58
00000550.jpg 0 32 41 42 43 89 30 31
00000551.jpg 0 89 58 59
00000553.jpg 0 48 50 59
00000555.jpg 0 41 44 25 29
00000556.jpg 0 65 69 101 71 52 24 89 93 94
00000557.jpg 0 50 52 37
00000558.jpg 0 32 67 8 30
00000559.jpg 0 32 30
00000560.jpg 0 3 80 48 52 58
00000562.jpg 0 24 58 36
00000564.jpg 0 84 70 87
00000565.jpg 0 67 94
00000566.jpg 0 70 80 51 84
00000568.jpg 0 96 67 84 54
00000569.jpg 0 1 66 76 24
00000571.jpg 0 70 44 48 87 94
00000573.jpg 0 41 58 30
00000574.jpg 0 66 72 48 87 93
00000576.jpg 0 64 103 47 48
00000577.jpg 0 70 73 46 52 59 95
00000578.jpg 0 96 98 9 46
00000579.jpg 0 37 70 87 58
00000580.jpg 0 66 73 52 54
00000582.jpg 0 89 58 52
00000583.jpg 0 10 30
00000584.jpg 0 46 59 70
00000585.jpg 0 59 70 47
00000586.jpg 0 67 52
00000587.jpg 0 66 52 21 87
00000588.jpg 0 46 70 87
00000589.jpg 0 56 37 95
00000590.jpg 0 3 46 50 52 58
00000591.jpg 0 66 48 52 89 93
00000593.jpg 0 66 48 84 87
00000594.jpg 0 96 70 72 48 87
00000595.jpg 0 70 46 52 59
00000596.jpg 0 49 52 84 88 58
00000597.jpg 0 70 46 87 58 91
00000598.jpg 0 65 49 52 58
00000599.jpg 0 82 52 84 88 89 58
00000600.jpg 0 9 48 24 58 94
00000601.jpg 0 70 11 48 84
00000603.jpg 0 66 80 52
00000604.jpg 0 89 5
00000605.jpg 0 57 5
00000607.jpg 0 8 30
00000608.jpg 0 8 82 84 88
00000610.jpg 0 46 70 87
00000611.jpg 0 66 46 87
00000612.jpg 0 8 30
00000614.jpg 0 70 77 47 48 24
00000616.jpg 0 8 88 84
00000617.jpg 73 67 52
00000618.jpg 0 37 103 80 52
00000619.jpg 0 64 73 46 89
00000621.jpg 0 73 46 80 24
00000622.jpg 0 8 73 48 89
00000623.jpg 0 8 84 87 88 94
00000626.jpg 0 67 11 52 89 94
00000628.jpg 0 89 58 52
00000629.jpg 0 70 73 48 52 85
00000630.jpg 0 8 32
00000631.jpg 0 70 46 52 59
00000632.jpg 0 96 66 48 90
00000634.jpg 0 37 48 84 85 89
00000635.jpg 0 58 44
00000636.jpg 0 70 35 54
00000637.jpg 0 48 84 70
00000638.jpg 0 66 48 49 84
00000639.jpg 0 66 72 84 54 87
00000640.jpg 0 32 67
00000641.jpg 0 52 5 84
00000643.jpg 0 73 9 49 82
00000644.jpg 0 37 14
00000645.jpg 0 73 54 89 58 93
00000647.jpg 0 52 37 63
00000649.jpg 0 84 52
00000650.jpg 0 9 76 47 52 24 59
00000652.jpg 0 8 42 30
00000653.jpg 0 66 48 84 87 89 90
00000655.jpg 0 98 70 76 47 84
00000658.jpg 0 66 48 54 87
00000660.jpg 0 67 73 80 82 50
00000661.jpg 0 37 70 54 87
00000662.jpg 0 48 84 96
00000663.jpg 0 57 3
00000664.jpg 0 66 67 70 11
00000665.jpg 0 70 46 84 93
00000667.jpg 0 48 28 66
00000670.jpg 0 10 31
00000674.jpg 0 65 48 37
00000675.jpg 0 9 82 96
00000676.jpg 0 73 82 83 52 84 85 89
00000677.jpg 0 8 72 46 87 89
00000680.jpg 0 32 8 10 31
00000681.jpg 0 89 93 71
00000682.jpg 0 73 48 82 58
00000683.jpg 0 70 47 84 85
00000684.jpg 64 0 70 47 87
00000685.jpg 0 49 58 24
00000686.jpg 0 61 94
00000687.jpg 0 66 59 47
00000688.jpg 0 70 35 54
00000689.jpg 0 82 80 47
00000690.jpg 0 46 70 87
00000691.jpg 0 67 35 70 73 46 80 93
00000693.jpg 0 70 47 82 93
00000694.jpg 0 66 85 46
00000697.jpg 0 8 88 84
00000698.jpg 0 70 47 58 59
00000699.jpg 0 8 52 89 58 30
00000703.jpg 0 58 52
00000704.jpg 0 40 41 84 89 30
00000705.jpg 0 73 48 87
00000706.jpg 0 66 76 46 94
00000707.jpg 0 70 8 47 80 48 24 58
00000708.jpg 0 8 36 30
00000709.jpg 0 37 48 54 87 89
00000710.jpg 0 8 80 84 87 89 58 94
00000711.jpg 0 25 52
00000712.jpg 0 70 47 48 87
00000713.jpg 48 0 73
00000714.jpg 0 96 70 48 52 59
00000715.jpg 0 44 96 47
00000716.jpg 0 66 82 54
00000717.jpg 0 10 30
00000719.jpg 0 44 14
00000721.jpg 0 8 67 41
00000723.jpg 0 73 52
00000724.jpg 0 103 11 46 58 94
00000726.jpg 0 16 58 37
00000727.jpg 0 51 3 87
00000728.jpg 0 66 37 48 95
00000729.jpg 0 16 10 8
00000730.jpg 0 8 41
00000731.jpg 0 65 52 49
00000733.jpg 0 48 59 70
00000735.jpg 0 70 47 84 87
00000736.jpg 0 66 48 84 87
00000737.jpg 0 37 73 76 24 89 28
00000738.jpg 0 5 72 87 94
00000739.jpg 0 66 48 82 85
00000740.jpg 0 89 48
00000741.jpg 0 65 52
00000742.jpg 0 37 8 52 54 58 95
00000743.jpg 0 65 96 47 48
00000746.jpg 0 65 48
00000747.jpg 0 48 54 87
00000748.jpg 0 8 84 88 29
00000749.jpg 0 58 13
00000750.jpg 0 24 98 47
00000753.jpg 0 96 80 82 84 88 89 93
00000754.jpg 0 37 103
00000755.jpg 0 67 52 88 25
00000756.jpg 0 25 10
00000757.jpg 0 66 48 87
00000758.jpg 0 33 8 41 58 30
00000760.jpg 0 5 41 52 84 22
00000761.jpg 0 96 37 84 54
00000762.jpg 0 48 59 93
00000763.jpg 0 70 51 84 95
00000764.jpg 0 32 31
00000765.jpg 0 66 54 87
00000766.jpg 0 5 82 83 84 88
00000767.jpg 0 66 72 76 46 84 87
00000768.jpg 0 58 37
00000769.jpg 0 66 30 47
00000770.jpg 0 73 44 48 87
00000771.jpg 0 8 52 58 30
00000772.jpg 0 76 83 52 54 89
00000774.jpg 0 58 80 46
00000775.jpg 0 10 31
00000776.jpg 0 48 11 52
00000777.jpg 0 8 84 91 93
00000778.jpg 0 8 48
00000779.jpg 0 58 31
00000780.jpg 0 41 58
00000781.jpg 0 81 67
00000783.jpg 0 72 48 84 87
00000784.jpg 0 73 10 77 47 93
00000785.jpg 0 67 73 44 46 80 58
00000786.jpg 0 70 73 46 87
00000787.jpg 0 52 62 87
00000788.jpg 0 70 9 46 85
00000791.jpg 0 70 14 48 52 87
00000793.jpg 0 8 41 47 58
00000795.jpg 0 57 5
00000796.jpg 0 32 30
00000797.jpg 0 9 73 46 80 49 58
00000798.jpg 0 70 49 52 85
00000799.jpg 0 70 52 84 54 91
00000800.jpg 0 10 31
00000801.jpg 0 89 58
00000802.jpg 0 37 78 14 31
00000804.jpg 0 33 58
00000805.jpg 0 10 13
00000807.jpg 0 32 67 52
00000808.jpg 0 96 48 84 93
00000809.jpg 0 65 46 84 52 89
00000810.jpg 0 66 47 87
00000813.jpg 0 96 46 48 52 59
00000814.jpg 0 73 82 84 52 88 89
00000816.jpg 8 0 30
00000817.jpg 0 37 73 50 52 28 62
00000818.jpg 0 65 46 95
00000819.jpg 0 48 67 52
00000821.jpg 0 8 4 31
00000823.jpg 0 10 31
00000824.jpg 0 5 13
00000827.jpg 0 67 52
00000828.jpg 0 58 52 46
00000829.jpg 0 67 70 73 52 88 89