00001650.jpg 52 68 73 84 87 103
00002994.jpg 52 88 89
00003997.jpg 3 52 73
00000950.jpg 46 70 73 89
00001734.jpg 46 49 72 96
00002938.jpg 48 87
00004024.jpg 54 72 87
00002887.jpg 33 37 58
00003325.jpg 24 32 58 67
00006564.jpg 9 19 41 58 89
00000140.jpg 37 70 94
00006495.jpg 47 55 91 98 100
00000045.jpg 48 58 59 73 93
00000740.jpg 48 89
00003892.jpg 52 70 73 77 84
00006534.jpg 5 8 22
00002820.jpg 10 30 32
00000772.jpg 52 54 76 83 89
00002858.jpg 46 66 84
00000334.jpg 25 37 78
00003625.jpg 21 46 58 73 93 94
00002178.jpg 9 28 52 73 89 94
00001501.jpg 3 54 95
00003877.jpg 8 58 84 87
00001600.jpg 16 24 49 58 67
00002646.jpg 48 67 73 89
00004217.jpg 11 46 58 103
00003803.jpg 48 58 73 80
00001473.jpg 3 46 59
00002711.jpg 48 87
00003596.jpg 37 57 76
00006572.jpg 11 27 89
00000956.jpg 52 82 84 88
00002459.jpg 8 13 49 58 80
00000412.jpg 47 73 89
00003018.jpg 8 30 32 89
00002759.jpg 54 72 84 89 93
00002381.jpg 3 37 52 54 73 80
00001828.jpg 8 31 33 58
00001714.jpg 46 80 84 91
00002870.jpg 10 30
00001093.jpg 12 48
00002656.jpg 37 54 70 84 89
00000915.jpg 47 66 84
00002973.jpg 66 73 80 89 93 94
00003959.jpg 5 25
00003688.jpg 47 70 84 96
00006811.jpg 17 67 76 87 103
00002029.jpg 52 58 70 95
00003742.jpg 51 84 93 95
00002748.jpg 5 8 31 89
00004260.jpg 24 46 59
00002373.jpg 5 48 52 88
00006671.jpg 68 74 86 89
00002113.jpg 24 50
00003045.jpg 48 59 66 92
00000755.jpg 25 52 67 88
00000095.jpg 24 44 52 67 89
00000257.jpg 58 80 93 96
00003424.jpg 48 70 84 87
00003290.jpg 5 30
00001625.jpg 8 30 40
00003479.jpg 9 48 59 76 84
00001469.jpg 67 70 73 81
00000432.jpg 46 70 95
00002681.jpg 24 58
00001957.jpg 47 70 84
00001002.jpg 47 52 66 95
00003626.jpg 48 59 66
00002317.jpg 8 30 32 89
00006843.jpg 45 56 65 82
00003568.jpg 37 47 66 70 89
00006716.jpg 14 36
00004306.jpg 21 46 70 89
00003147.jpg 37 54 73 80 84 87 89
00004082.jpg 47 73 80 84 89
00001498.jpg 37 48 66 89
00003012.jpg 46 64 73 82 84 93
00002702.jpg 48 84 89 96
00006360.jpg 15 61
00001174.jpg 47 70 72 87
00001368.jpg 48 66 84 87
00002872.jpg 44 47 70 84
00000499.jpg 8 10 30
00001018.jpg 52 58
00002259.jpg 46 95
00001282.jpg 37 54
00003399.jpg 10 25
00002725.jpg 48 66 72 76 84 87 96
00003241.jpg 5 52 82
00000664.jpg 11 64 67 70
00004281.jpg 48 70 87
00002333.jpg 8 48 58 66 73 80 96
00000051.jpg 52 67 73 89
00001941.jpg 49 58
00001562.jpg 37 49 56
00001090.jpg 31 33 58
00001435.jpg 31 67 70
00000243.jpg 54 59 70
00003038.jpg 37 48 66 84 87
00001313.jpg 8 10 13
00000512.jpg 48 84 87
00006492.jpg 14 44
00006512.jpg 49 50 58 82
00003476.jpg 25 58 76
00003320.jpg 46 66 72 87
00002579.jpg 24 31 33 49 52 67
00004239.jpg 11 46 65
00000948.jpg 13 31 41 58
00000993.jpg 56 59 64 95
00003041.jpg 47 59 70 84 95 96
00001540.jpg 9 48 52 58 59 80
00006712.jpg 9 68 76
00000463.jpg 58 73 89
00002241.jpg 12 30 31 32
00000016.jpg 37 54 93
00006614.jpg 51 70 95
00003567.jpg 8 30 33 41 58 73 84 87
00006623.jpg 17 23 28 58
00001420.jpg 41 48 70
00002780.jpg 70 96 101
00002763.jpg 48 72 84 87
00000758.jpg 8 30 33 41 58
00006736.jpg 37 54
00006589.jpg 9 12 35 67 68 73 76
00001656.jpg 11 46 48 70 73 93 94
00004373.jpg 8 9 28 35 58 73
00002330.jpg 48 59 66
00006431.jpg 8 10 20
00000455.jpg 47 65
00004097.jpg 3 8 67
00004143.jpg 48 70 87
00002516.jpg 46 52 58 73 80 93
00002361.jpg 37 39 52 54
00000529.jpg 52 67
00002132.jpg 47 70 87
00002912.jpg 54 58 66 95
00000703.jpg 52 58
00006801.jpg 14 44 78
00000908.jpg 41 84
00002684.jpg 8 46 52 96
00002298.jpg 13 58
00001277.jpg 50 66 87
00002643.jpg 46 52 84
00001185.jpg 37 48 65 89 95
00001597.jpg 25 61
00001095.jpg 50 66 98
00001876.jpg 8 10 37
00004382.jpg 24 47 84 94
00006776.jpg 14 36
00004094.jpg 58 67 73 80
00001569.jpg 9 35 37 73 82 84 93 94
00002947.jpg 51 70 85 87 93
00000588.jpg 46 70 87
00006619.jpg 4 27
00002015.jpg 5 61 84 88 94
00000593.jpg 48 66 84 87
00000697.jpg 8 84 88
00000288.jpg 48 70 73 96
00002988.jpg 52 82 84 88 94
00003521.jpg 54 59
00006412.jpg 5 17
00006522.jpg 85 98
00000999.jpg 50 73 80
00006739.jpg 14 32
00002004.jpg 47 59 66
00000130.jpg 24 58
00003446.jpg 15 58 84
00001919.jpg 8 10
00002039.jpg 24 66
00004160.jpg 8 48 87
00002281.jpg 41 60
00002605.jpg 47 73 82
00006374.jpg 3 5 6 52
00006383.jpg 27 48
00003202.jpg 54 59 70
00002213.jpg 52 58 73 93
00000134.jpg 47 70 84 87
00003529.jpg 24 49 73 82
00003014.jpg 51 59 70 77 84
00003869.jpg 9 48 58 73 80
00003108.jpg 25 58
00004163.jpg 8 35 73 82 93 95
00003564.jpg 3 47 58 59
00001443.jpg 59 64
00002778.jpg 46 58 65
00003945.jpg 44 48 76
00000823.jpg 10 31
00003131.jpg 61 73
00002768.jpg 8 30
00002695.jpg 47 59 67
00001821.jpg 9 16 36
00001863.jpg 48 52 66
00001085.jpg 47 66 82 93
00001032.jpg 30 46 52 66 95
00002481.jpg 8 24 44 47 52 58
00004221.jpg 47 58
00001712.jpg 46 84 85
00006462.jpg 51 70 84
00001483.jpg 14 37
00003508.jpg 8 58 73 84 85 87 89 94 96
00006777.jpg 66 68
00004019.jpg 54 67 91
00006375.jpg 51 52
00003294.jpg 49 70 95
00002550.jpg 3 24 52 58 67 80 82
00000775.jpg 10 31
00001669.jpg 46 59 84 89
00002998.jpg 48 89
00002597.jpg 47 59 64
00000248.jpg 46 70 84 93
00003652.jpg 32 67
00004099.jpg 8 30 58
00002712.jpg 37 54
00001599.jpg 8 31 32 41
00002364.jpg 46 52 70 84 85
00001768.jpg 8 58 82 84
00004287.jpg 9 22 30
00002414.jpg 46 70 72 73 87
00004008.jpg 10 31
00002853.jpg 5 9 58
00001120.jpg 8 48 88
00001419.jpg 5 8 30 41 89
00003914.jpg 37 58
00000044.jpg 37 42 44 54 73 80 89
00004031.jpg 52 58 73 80
00003438.jpg 50 52 72 84 87
00006358.jpg 5 17 19 22 23
00006601.jpg 6 19 20
00003313.jpg 5 52
00002708.jpg 10 29
00002142.jpg 46 52 73 82 89
00003126.jpg 58 70 87
00002660.jpg 48 58 59 66
00004300.jpg 5 44
00006810.jpg 20 84
00000829.jpg 52 67 70 73 88 89
00003281.jpg 65 72 73 87 89 93
00002307.jpg 70 87 101
00003355.jpg 15 37 80 82 94
00004005.jpg 10 31
00002405.jpg 8 58
00002239.jpg 56 65
00000511.jpg 41 52 65 73
00002574.jpg 32 44 58
00000240.jpg 48 64 73 89
00001186.jpg 10 30
00001521.jpg 48 64 70
00001068.jpg 52 70 89
00001851.jpg 10 31
00002487.jpg 57 58
00003033.jpg 48 70 73 80
00002925.jpg 68 82
00002564.jpg 70 76 84 88 94
00003297.jpg 24 48 50 56 73 80 93
00004197.jpg 8 70 84 93 94
00001487.jpg 5 11 37 41
00000207.jpg 46 84 87
00002251.jpg 8 46 59 70 93 98 101
00001682.jpg 50 65
00003978.jpg 47 70 84
00003829.jpg 58 64 84
00000527.jpg 8 84 85 87
00003738.jpg 5 59 81
00000215.jpg 8 32
00001514.jpg 3 52
00002146.jpg 47 73 87 91
00000808.jpg 48 84 93 96
00003154.jpg 58 67 73 76
00001198.jpg 47 52 58 73 80 82
00000110.jpg 54 70 72 84 87
00000175.jpg 24 48 52 58 73 80
00001952.jpg 48 66 84 87
00002658.jpg 47 52 85
00002074.jpg 37 47 66 87 89
00003065.jpg 48 52 84 87 89
00004113.jpg 8 50 73 87
00006283.jpg 5 8 17
00001239.jpg 3 47 58 73 93
00006632.jpg 37 40
00002287.jpg 44 58 103
00001995.jpg 41 52 58 80
00001737.jpg 5 58 84
00004021.jpg 8 46 59 70 87
00006841.jpg 25 40 41 42
00002200.jpg 70 94
00003309.jpg 3 46 50 58 73 80 103
00000520.jpg 67 73
00001525.jpg 9 30 37 58
00001917.jpg 10 30
00002871.jpg 8 30 32
00006657.jpg 46 66 71 85 90 93
00003221.jpg 52 65 76 82
00003335.jpg 3 37 55 58
00006603.jpg 8 11 27
00002297.jpg 8 29 30 44
00006750.jpg 55 58 94
00003786.jpg 54 73 82
00001238.jpg 37 46 85
00003788.jpg 51 85
00004153.jpg 12 29 30
00002491.jpg 5 8 37 53 54
00000930.jpg 9 41 47 58
00003418.jpg 12 29 44
00004047.jpg 30 44 67
00000472.jpg 3 46 52 58 70 87 89
00002292.jpg 8 30 40 41 42 43
00001203.jpg 48 84
00002030.jpg 37 52 67 70 85
00006387.jpg 8 79 94 103
00003691.jpg 25 30 41 52
00000423.jpg 11 18 46 80
00001258.jpg 41 48 58 80 103
00006465.jpg 49 58
00003493.jpg 8 24 73 77 82 89
00006404.jpg 5 17
00002243.jpg 10 30
00003029.jpg 48 59 66 94
00002314.jpg 46 70 87
00002769.jpg 43 46 58 89
00000541.jpg 9 47 54 58 59 76
00002075.jpg 31 52 54 66 72 84 87 90
00006764.jpg 48 87 98
00003390.jpg 3 46 80
00001235.jpg 9 84 87
00006408.jpg 22 25 81
00003856.jpg 12 41 42 44
00002738.jpg 25 52
00001352.jpg 48 65 87
00001868.jpg 10 31
00003633.jpg 8 10 31
00001131.jpg 34 37 47
00006477.jpg 9 40 46 58
00002741.jpg 46 52 70 89
00002300.jpg 48 59 66
00003675.jpg 30 40 41 43 52
00001761.jpg 52 73 82 84 87 89 94
00004136.jpg 10 46 59
00003079.jpg 8 59 65 80 84
00000496.jpg 10 33
00003103.jpg 9 35 58 80 82 93
00004396.jpg 13 44 58
00003092.jpg 48 59 70 84
00002471.jpg 37 50 85
00002863.jpg 46 52 58 70 84
00000767.jpg 46 66 72 76 84 87
00003119.jpg 8 31 44 58
00003471.jpg 4 8 10 30
00001121.jpg 46 52 73 87
00001268.jpg 37 48 82
00000617.jpg 52 67 73 88
00002928.jpg 49 70 72 87
00002932.jpg 37 46 65
00002479.jpg 46 70 84
00004389.jpg 48 58 73 80 93
00006696.jpg 38 58
00000889.jpg 48 87 90
00001378.jpg 57 81
00001542.jpg 9 52 58 73 96
00003323.jpg 5 30
00003643.jpg 10 30 32
00004089.jpg 37 54 84 89 96
00001334.jpg 4 12 30
00006608.jpg 37 53
00000647.jpg 37 52 63
00003631.jpg 5 8 14 30 32
00001614.jpg 8 50 85
00003075.jpg 64 73 93
00003938.jpg 48 70 95
00000436.jpg 24 44 58
00000497.jpg 32 52 67 89
00002090.jpg 48 66 85
00002786.jpg 58 64 80 85
00001150.jpg 52 65 89
00002974.jpg 50 59 66
00000349.jpg 47 58 91
00001966.jpg 8 62
00003113.jpg 29 30 58
00001441.jpg 46 65 84 87
00002357.jpg 11 46 73 96
00003174.jpg 37 54 83 84 87 89
00003518.jpg 37 54 58 84 89
00000824.jpg 5 13
00003071.jpg 46 58 66 93 96
00004288.jpg 50 52 59 70
00006455.jpg 10 17
00002238.jpg 46 58 65 84 85
00002103.jpg 40 66 94 96
00004041.jpg 31 52 58
00002170.jpg 58 81
00003831.jpg 8 48 84
00002650.jpg 4 5
00004360.jpg 54 70 73 87
00006831.jpg 24 65 92
00000481.jpg 71 80 89 93 94
00000301.jpg 54 59 70 93 94
00000141.jpg 8 14
00002301.jpg 10 25
00006305.jpg 48 81 89
00000706.jpg 46 66 76 94
00001339.jpg 46 70 84 91
00000545.jpg 48 52 66
00000932.jpg 58 80 82
00003695.jpg 44 54 77 84 85 89
00001836.jpg 8 31 58
00002657.jpg 11 52 54 95
00003821.jpg 66 68 85
00000872.jpg 5 52 87
00002773.jpg 52 85 94
00000126.jpg 44 52
00000000.jpg 48 66 90
00006295.jpg 40 56 66 76
00000927.jpg 46 58
00000168.jpg 3 8 46 58 73 103
00003584.jpg 30 58
00001731.jpg 48 71 84 89
00000895.jpg 58 70 84
00002162.jpg 8 13 24 49
00000494.jpg 49 71 76 84 90 93 94 95
00000228.jpg 9 14 52 58 73
00001052.jpg 47 66 84 103
00001081.jpg 52 58 82 89
00003011.jpg 47 87
00001918.jpg 12 31 33 37 89
00001747.jpg 72 73 84 87 94
00006853.jpg 68 84 87 98
00001019.jpg 5 39 52 89
00000674.jpg 37 48 65
00000369.jpg 52 67 89
00001158.jpg 82 93
00003538.jpg 5 8 30 32 89
00000714.jpg 48 52 59 70 96
00003292.jpg 13 44 58 67
00000597.jpg 47 58 70 87 91
00002517.jpg 48 66 87
00003327.jpg 46 59
00002449.jpg 47 59 70
00003032.jpg 9 58 59 84
00000980.jpg 49 56 58 59 70 89
00006546.jpg 5 31
00000658.jpg 9 54 64 87
00001781.jpg 9 31 41 58
00006529.jpg 68 100
00003458.jpg 13 58 81
00001076.jpg 46 52 59 70
00006830.jpg 58 81
00002549.jpg 8 30
00001450.jpg 54 66 82 87
00002814.jpg 9 35 94
00002116.jpg 48 70 87 101
00001891.jpg 46 73 89
00000170.jpg 5 52 101
00001779.jpg 10 30 32
00004301.jpg 37 58
00004170.jpg 8 28 67 103
00006859.jpg 10 103
00002841.jpg 47 70 84 85 87
00001336.jpg 5 13
00001857.jpg 46 52 84 87 101
00001709.jpg 73 77 80 82 87 89 91 93
00000226.jpg 5 13 52
00002021.jpg 57 58
00006746.jpg 8 9 59 98
00006770.jpg 79 102
00002667.jpg 8 14 27
00002826.jpg 9 11 58
00001901.jpg 9 47 58
00003896.jpg 49 67
00006707.jpg 18 46 66 88 89
00000796.jpg 30 32
00000008.jpg 9 24 30 58
00003098.jpg 61 94
00001556.jpg 10 13
00003667.jpg 10 17 31
00000833.jpg 48 66 73 82
00001546.jpg 47 48 70 87
00000344.jpg 44 48 73 76 87
00006620.jpg 30 39 89
00000083.jpg 52 76 82 87 94
00003328.jpg 30 58 103
00000364.jpg 51 70 72 96
00003792.jpg 4 8 31
00000234.jpg 48 52 89
00003776.jpg 37 67
00004242.jpg 3 8 46
00006787.jpg 17 54 95
00002699.jpg 48 66 82 84
00006349.jpg 56 76 80 94 98
00006563.jpg 19 30
00002023.jpg 48 52 59 64
00002570.jpg 16 49 58 94
00003125.jpg 48 59 70
00003225.jpg 52 59 66
00002804.jpg 9 37 52 54 70 95
00003650.jpg 46 52 58 93
00003606.jpg 46 58
00004249.jpg 70 82 83
00006714.jpg 11 22 37 48 81 89
00003532.jpg 50 52
00000899.jpg 51 70 72 80 96
00003474.jpg 47 70 87
00002782.jpg 30 32 67
00006413.jpg 40 47 66 93
00001991.jpg 52 83 84
00003804.jpg 48 52
00003305.jpg 52 76 84 87 88
00002444.jpg 11 14 37
00002440.jpg 8 72 82 84 85 88 94
00003280.jpg 46 70 87 101
00002489.jpg 49 61
00000067.jpg 24 54 72 82 84 87 96
00000402.jpg 14 25 37
00001250.jpg 8 48 88
00004366.jpg 5 9 32
00003288.jpg 8 31 52
00002366.jpg 82 84
00006727.jpg 10 81
00000003.jpg 48 84 85 87
00002355.jpg 9 24 28 58 73 89
00006679.jpg 22 80 93
00002680.jpg 48 66 84 87
00003301.jpg 3 37 47 89
00006778.jpg 12 17
00000360.jpg 12 29 30
00006782.jpg 22 38
00003278.jpg 46 52 70 96 103
00004068.jpg 48 70 76 84
00003267.jpg 25 67
00003417.jpg 10 37
00002163.jpg 5 30
00000050.jpg 47 67 84
00001591.jpg 9 67 84 85 87
00002164.jpg 54 58 73
00006287.jpg 1 4 58
00001229.jpg 49 58
00002353.jpg 46 52 65
00003996.jpg 24 85
00000710.jpg 8 58 80 84 87 89 94
00002496.jpg 47 48 58 59 66
00006763.jpg 37 48 79
00000626.jpg 11 52 67 89 94
00004273.jpg 46 58 59 87
00003087.jpg 58 59
00002669.jpg 41 44 67
00002354.jpg 61 82 89 94
00003863.jpg 24 73 80
00003609.jpg 56 59 70 73 96
00003230.jpg 47 65 73 80 84
00003859.jpg 46 70 82
00003949.jpg 46 66 84 96
00001945.jpg 8 30 44 52 67
00003208.jpg 47 70
00003741.jpg 54 66 87
00003915.jpg 48 66 76
00006281.jpg 12 36
00004362.jpg 21 47 50 66
00002379.jpg 55 65
00001149.jpg 8 48 67 73 80 82 93
00000319.jpg 48 73 92
00002169.jpg 8 13
00003937.jpg 47 87 103
00006722.jpg 68 92
00001326.jpg 48 52 73 80 82 103
00000351.jpg 52 56 58
00000728.jpg 37 48 66 95
00001001.jpg 48 59
00003995.jpg 52 58 73 94
00002271.jpg 56 58 66 73 87
00000284.jpg 48 59 93 94
00003841.jpg 10 11 46 103
00004064.jpg 3 46 52 58 73 80 82
00000717.jpg 10 30
00002906.jpg 47 58 85
00006433.jpg 34 45 89
00004074.jpg 47 59
00001086.jpg 46 70 71 84
00001444.jpg 48 66 87 101
00003779.jpg 31 32 57
00002402.jpg 8 12 30 58
00003617.jpg 8 46 70 84 87
00002350.jpg 58 59 81
00002545.jpg 15 59 67
00003591.jpg 48 73 80
00006724.jpg 56 84 95
00003553.jpg 48 70 73 84
00000834.jpg 54 66 84 85 89
00002360.jpg 52 54 76 78 89
00002767.jpg 48 84 88
00003339.jpg 47 48 64 87
00003117.jpg 12 37 73 89 94
00001136.jpg 48 59 66
00003238.jpg 8 46 58 80 93 94
00003441.jpg 3 46 49 52 58
00003871.jpg 48 65 73 87
00006661.jpg 8 36 89
00003224.jpg 8 32 72 84 87 88
00000204.jpg 8 47 95
00006576.jpg 12 36
00000972.jpg 10 30 32 46 58 59 80
00002255.jpg 13 14 24 50 58 70
00003431.jpg 46 52 66 84
00000817.jpg 28 37 50 52 73 91
00003416.jpg 46 70 84 91
00004035.jpg 48 64 73
00002580.jpg 61 73 89
00004050.jpg 47 59 73 80
00002784.jpg 30 58
00003449.jpg 3 8 48 52
00000439.jpg 54 73 82 91
00000025.jpg 47 59 85
00003711.jpg 8 48 65 96
00000456.jpg 46 52 58 96
00003811.jpg 21 48 50 64 87
00002275.jpg 5 48 52 66
00000579.jpg 37 58 70 87
00003342.jpg 37 54 58 84 96
00006781.jpg 9 37 73 89
00000787.jpg 52 62 87
00003304.jpg 8 46 48 80
00000241.jpg 46 59 89 96
00000965.jpg 52 53 56 66 87
00000723.jpg 52 73
00000987.jpg 48 70 84
00003064.jpg 46 58 59 70
00003576.jpg 46 82 84 91 93
00000054.jpg 5 8 84
00002948.jpg 3 9 73 93 94
00004002.jpg 41 57
00002619.jpg 48 82 84
00006296.jpg 40 56
00000719.jpg 14 44
00003383.jpg 3 11 46
00000388.jpg 47 70 84
00002598.jpg 37 54 89
00002097.jpg 3 8 48
00001727.jpg 37 54 89
00002917.jpg 46 66 87
00002057.jpg 48 87
00001306.jpg 37 48
00003031.jpg 46 58 70 82
00003425.jpg 47 70 82 84 87
00000521.jpg 12 30
00000159.jpg 48 59 70 84 94
00001070.jpg 44 46 52 73 89 93
00001123.jpg 46 52 70 73 85 89
00001192.jpg 52 62 80
00006762.jpg 13 17
00003834.jpg 84 87 90
00006769.jpg 8 79
00002382.jpg 76 84 87 88 93 96
00002760.jpg 48 65 87 101
00001927.jpg 58 61 84 94
00000746.jpg 48 65
00000260.jpg 8 25 30 67
00001639.jpg 50 52 70 87
00002596.jpg 8 40 44
00000998.jpg 66 73 82
00000485.jpg 70 84
00002152.jpg 58 66 87
00003903.jpg 46 70 89
00002359.jpg 57 73 76
00004352.jpg 8 16 58 82
00002284.jpg 8 10 30
00004175.jpg 8 25 29 30 40 44 58
00001062.jpg 50 84
00000186.jpg 10 37
00002174.jpg 47 70 85 94
00002019.jpg 12 25 29 41 89
00000419.jpg 46 73 89
00002652.jpg 46 84
00003213.jpg 24 50 58
00003257.jpg 37 54 82 85 103
00004087.jpg 8 72 76 82 83 84 90 94
00003861.jpg 48 70 84 85 101
00001423.jpg 8 47 59 66
00002219.jpg 8 10 11 30
00000505.jpg 9 13 58
00002771.jpg 46 84 87
00003498.jpg 9 58 82
00001523.jpg 11 48 73 93
00002492.jpg 61 73
00000689.jpg 47 80 82
00001099.jpg 5 13
00003233.jpg 46 64 87 101
00004330.jpg 61 87
00000544.jpg 47 84
00003181.jpg 57 85 89
00001699.jpg 8 73 84
00002495.jpg 5 8 84 87 94 96
00002036.jpg 8 48 88
00006704.jpg 10 32 37
00000144.jpg 48 87 93
00001345.jpg 46 70
00006646.jpg 40 45 89
00003526.jpg 48 66 73 87
00006551.jpg 13 58
00006622.jpg 12 36
00003329.jpg 31 32 67
00002464.jpg 63 66 84 87
00001219.jpg 47 58 67 82
00002521.jpg 37 54 70 73
00002651.jpg 9 49 58 70 95
00003363.jpg 37 54 84 87
00001967.jpg 3 47 58 82
00001607.jpg 48 70 77 80 84 102
00001921.jpg 48 58 59
00002059.jpg 15 24
00004336.jpg 54 70 85
00001541.jpg 8 24 37 48 80 84
00000711.jpg 25 52
00001502.jpg 8 30 32 58
00004192.jpg 24 49 52 67
00006587.jpg 34 48
00001726.jpg 80 84
00002084.jpg 48 65 87
00002324.jpg 44 52 54 67 73 80
00001880.jpg 12 17 32 103
00003200.jpg 47 65 87 103
00006509.jpg 71 78 94
00002556.jpg 47 70 95
00001386.jpg 31 48 66 80 96
00000582.jpg 52 58 89
00003655.jpg 10 30
00000623.jpg 52 84 87 88 94
00002089.jpg 52 72 73 76 87
00001113.jpg 47 65 72 84 87 101
00002348.jpg 12 30
00006584.jpg 8 17 48 89
00002935.jpg 3 46 58 67 73 76 80 89
00001518.jpg 8 10 31
00000802.jpg 14 31 37 78
00000568.jpg 54 67 84 96
00006344.jpg 47 76 86
00003461.jpg 8 84
00000156.jpg 3 9 52 58 94
00004296.jpg 4 10 17
00004208.jpg 48 66 84
00006478.jpg 49 93
00004055.jpg 11 46 52 58 73 82 93
00003480.jpg 10 31
00000279.jpg 8 25 58 82
00000500.jpg 28 47 58 73 87
00003203.jpg 46 64 87
00006748.jpg 5 13
00006301.jpg 8 9 58
00004177.jpg 46 52 59 96
00006687.jpg 14 38 89
00000640.jpg 32 67
00000783.jpg 48 72 84 87
00003255.jpg 48 73 87 103
00006823.jpg 36 58
00001811.jpg 50 73
00000366.jpg 3 47 82
00006720.jpg 11 35 56 88
00001763.jpg 37 47 66 89 103
00003246.jpg 52 73 82
00002823.jpg 52 67 94
00003074.jpg 8 30 31 33 52 58
00003165.jpg 46 58 73 80 93
00006531.jpg 66 67 85
00004386.jpg 46 59 64 73 89
00002457.jpg 48 67 73 89
00000397.jpg 48 59 66
00002363.jpg 47 70 72 73 87
00000961.jpg 49 59 70 94
00004191.jpg 52 58
00006415.jpg 52 54 89 94
00001244.jpg 49 66 89
00003663.jpg 5 35 52 81 83 84 89
00002125.jpg 46 52 58 59
00002001.jpg 48 52 59 87
00001033.jpg 48 66 76 84
00006719.jpg 10 36
00003875.jpg 52 82 84 90
00003961.jpg 55 58
00001456.jpg 46 52 80 84 89 92 97
00000532.jpg 24 50
00001169.jpg 49 67 87
00000766.jpg 5 52 82 83 84
00002690.jpg 48 59 66
00000482.jpg 46 59 70 85
00000264.jpg 46 58 70 87
00006423.jpg 9 52 53
00000062.jpg 52 58
00004004.jpg 47 65 96
00000420.jpg 56 87
00002962.jpg 67 73
00001505.jpg 10 29 30 31 32 34
00000448.jpg 47 58 84
00003311.jpg 8 82 84 88 94
00000079.jpg 30 58
00003565.jpg 8 48 70 72 76 87
00003500.jpg 8 38 41
00003437.jpg 20 30 58
00000147.jpg 52 65
00002641.jpg 25 40 41 67 70
00000280.jpg 3 52 73 82 83
00000750.jpg 24 47 98
00000589.jpg 37 56 65 95
00003234.jpg 52 66 93
00002718.jpg 47 48 95
00000649.jpg 52 84
00002112.jpg 46 52 58 82
00001560.jpg 37 52
00004318.jpg 32 67
00002920.jpg 49 70 73
00001808.jpg 51 69 70 93
00001321.jpg 48 64 66
00000862.jpg 9 46 59
00006808.jpg 52 68 89
00006717.jpg 8 40
00001922.jpg 48 52 66 84 95
00004342.jpg 13 58
00003784.jpg 47 52 70 84
00000879.jpg 8 12 22
00003882.jpg 82 84 88
00000901.jpg 48 58 64 95
00002153.jpg 13 29 30 67
00000791.jpg 14 48 52 70 87
00002728.jpg 73 80 84
00000304.jpg 3 46 58 73 80
00000676.jpg 52 73 82 83 84 85 89
00004293.jpg 48 73
00000056.jpg 46 84 87
00003024.jpg 8 10 30
00006333.jpg 9 11 24 46 80
00002423.jpg 1 5
00004063.jpg 54 89 96
00002012.jpg 70 91
00002207.jpg 15 48 88 89
00001107.jpg 71 73 94
00006424.jpg 66 68 85
00003952.jpg 50 52 58 66
00003308.jpg 12 30
00002185.jpg 9 28 56 59 80
00000607.jpg 8 30
00002322.jpg 70 85
00001632.jpg 47 52 67 93
00000096.jpg 46 70 85
00001558.jpg 12 30
00001999.jpg 9 49 58 73 82 89 96
00006795.jpg 8 40
00000426.jpg 25 47 58 77
00003353.jpg 14 47 73 89
00001575.jpg 54 87
00002573.jpg 30 67
00000524.jpg 46 52 70 84 101
00003176.jpg 47 66 87
00001455.jpg 49 61
00000713.jpg 47 73
00000286.jpg 47 66 82 93
00006389.jpg 17 47 70 73 96
00000924.jpg 9 56 66
00003902.jpg 58 73 80 98
00006288.jpg 12 31
00000434.jpg 44 49 66
00003640.jpg 37 56 65 96
00002789.jpg 5 24 58
00003582.jpg 8 30 40 41 42
00002318.jpg 46 52 84 95
00006694.jpg 9 39 47 58
00001241.jpg 50 73 82 89
00002902.jpg 24 70 73 87 98
00002951.jpg 57 78 84 89
00002256.jpg 48 84 87
00004388.jpg 48 52
00003265.jpg 30 58
00006700.jpg 35 47 89 93
00004345.jpg 13 14 24 49 58
00000225.jpg 46 58 73 80 93
00000771.jpg 8 30 52 58
00000951.jpg 4 5 13
00002585.jpg 8 54 59 70
00002136.jpg 37 46 84 85
00003453.jpg 44 57 71 89
00006409.jpg 49 70 80 84 93
00001160.jpg 47 72 84 87 90
00001847.jpg 8 44 89
00006332.jpg 41 45
00001074.jpg 52 56 89
00006752.jpg 10 36
00003637.jpg 10 13
00001692.jpg 46 66 87
00006554.jpg 56 79 89
00000084.jpg 28 54 58 73 80 93
00001961.jpg 8 30
00004023.jpg 66 84 87 102
00002445.jpg 46 84 87
00002230.jpg 47 66 96
00006500.jpg 50 81
00000195.jpg 48 57
00002173.jpg 10 93
00000021.jpg 37 48
00004168.jpg 37 47 87
00001893.jpg 30 37 80 85
00003802.jpg 48 52 58 59 80
00000964.jpg 54 66 73 80
00003542.jpg 46 70 96
00004264.jpg 48 66 73 76 87 103
00002393.jpg 48 66 87 101
00003632.jpg 48 59 70
00000266.jpg 3 46 58 73 93
00001372.jpg 9 44 46 58 82
00003102.jpg 31 33 36
00001681.jpg 24 47 84 85
00001824.jpg 13 58
00000361.jpg 58 59 67 80 82
00004044.jpg 51 70 85
00003162.jpg 67 70 87
00001331.jpg 61 73
00002720.jpg 24 47 52 66 80
00002752.jpg 47 52 89
00000851.jpg 30 31 32 33 89
00003616.jpg 8 48 52 77 89
00004129.jpg 28 43 89 94
00003733.jpg 46 84 87
00002182.jpg 37 89 95
00001429.jpg 37 69 70 73 89 94
00006818.jpg 55 58
00000416.jpg 3 46 73 80 82
00002824.jpg 50 52
00006565.jpg 12 81
00001413.jpg 39 52
00002603.jpg 46 58 66 87
00000109.jpg 5 73
00002253.jpg 44 46 50 65 93 96 103
00002600.jpg 48 70 89 95
00003286.jpg 52 54 59 82 96
00006647.jpg 14 25 40 84 89
00001985.jpg 67 80 84
00002191.jpg 14 25 44
00006498.jpg 8 39 58
00003049.jpg 52 82 87 88 94
00002392.jpg 32 58
00002639.jpg 8 47 67 73 76 82
00003275.jpg 48 84 90
00001431.jpg 3 46 89
00004381.jpg 8 67 84 96
00002876.jpg 3 58 73 80 82
00003727.jpg 57 67
00003790.jpg 37 48 71 89
00000754.jpg 14 37 103
00001637.jpg 48 70 76 84
00000928.jpg 47 89 96
00003825.jpg 35 50 73 82 94
00003854.jpg 8 48 52 73 80
00002987.jpg 48 70 84 87 96
00001227.jpg 50 51 52 84
00004344.jpg 84 89
00002997.jpg 46 70 73 87
00006792.jpg 8 13
00004200.jpg 37 54 70 84 96
00002590.jpg 2 30 58
00006482.jpg 40 46
00000809.jpg 46 52 65 84 89
00003648.jpg 24 58
00006805.jpg 18 79
00001798.jpg 56 73
00002675.jpg 47 59 70
00006566.jpg 84 85 97 98
00002757.jpg 66 73 80
00000577.jpg 46 52 59 70 73 95
00001742.jpg 46 70 84
00000688.jpg 35 54 70
00004275.jpg 10 30
00003674.jpg 48 52 84 88
00000569.jpg 1 24 66 76
00004027.jpg 50 67 84 87
00002557.jpg 48 72 87 103
00002286.jpg 24 52 73 82 89
00002056.jpg 8 48 88 94
00001790.jpg 11 37 54 87 93
00003042.jpg 47 59 66 73 93 94 96
00001665.jpg 51 70 84 89 95
00002425.jpg 21 47 58 64 82 93
00003931.jpg 9 24 37 47 73 89
00002930.jpg 48 52 87
00002588.jpg 56 85
00001998.jpg 52 63
00003798.jpg 57 73 93
00001129.jpg 9 24 46 58 73
00006684.jpg 4 5
00001279.jpg 52 60 70 72 87
00001755.jpg 58 84 87
00004302.jpg 9 46 70 84 85 103
00003569.jpg 50 85 94 103
00002874.jpg 8 58
00006637.jpg 58 98
00002248.jpg 10 32
00003059.jpg 90
00004083.jpg 8 61
00000866.jpg 48 58 70 87
00004394.jpg 46 65 73 89
00006852.jpg 40 89 94
00003728.jpg 48 70 87
00006450.jpg 9 34 45 50 67
00003432.jpg 37 48 94
00002197.jpg 8 25 31 40 44
00006487.jpg 75
00003852.jpg 47 70 84
00002416.jpg 3 9 46 58 82
00003940.jpg 46 49 61 73 80 93
00000677.jpg 8 46 72 87 89
00003370.jpg 8 31 35 72 82 84 87
00003543.jpg 9 24 46 58
00002247.jpg 11 49 52 89
00003412.jpg 35 67 82 84
00004263.jpg 46 52 73 85
00001701.jpg 2 15
00006819.jpg 14 44
00002704.jpg 3 52 84
00001564.jpg 8 50 59 70 73 80 82 84 93 94
00006356.jpg 8 13
00001168.jpg 66 91 103
00002155.jpg 48 66 73 80
00003682.jpg 8 10 30
00001050.jpg 84 91
00003702.jpg 46 59 70
00002785.jpg 48 66 84
00006812.jpg 78 80 101
00002011.jpg 46 52 70 96
00003551.jpg 47 52
00006635.jpg 30 32 40 41 42
00006581.jpg 22 85
00002538.jpg 52 73
00000317.jpg 56 66 87 101
00002264.jpg 46 66 73 82
00001497.jpg 47 64 72 87
00002288.jpg 9 30 32 58
00003889.jpg 49 52 70
00000459.jpg 24 47 58
00006772.jpg 49 65 94
00001783.jpg 21 49 70 93
00003023.jpg 52 73
00002400.jpg 37 54
00000890.jpg 46 72 87
00000093.jpg 10 30 89
00001805.jpg 48 52
00001132.jpg 25 52 58 81 103
00002770.jpg 47 70 84
00003971.jpg 47 64 84 87
00003277.jpg 11 25 58 87 89
00004009.jpg 8 46 58 73
00000007.jpg 49 66 70
00001685.jpg 46 70 85
00001194.jpg 14 24 50 67
00004218.jpg 5 8 73 84 88 94 96
00001870.jpg 31 52 58
00001598.jpg 8 30
00001069.jpg 52 67 80
00006560.jpg 9 40 80
00003699.jpg 52 73 76 84 88 94
00006535.jpg 15 17
00004077.jpg 4 10 30 32
00001460.jpg 4 10 29 33
00004076.jpg 5 10 31 37
00006510.jpg 47 66 68 80 82 84 98 99
00001228.jpg 48 58 73 92 94 103
00006320.jpg 55 65
00000947.jpg 8 10 33
00006345.jpg 5 17
00001347.jpg 73 82 93 94 101
00003725.jpg 48 84 87 94 98
00000630.jpg 8 32
00001926.jpg 52 73 89
00001439.jpg 43 47 58 67 89
00000222.jpg 52 59 66 87
00000559.jpg 30 32 52
00003524.jpg 47 70 93 95
00000085.jpg 47 71 77 100
00002709.jpg 8 46 70 84 89
00006485.jpg 46 85 89 97
00004399.jpg 47 64 67 85
00002432.jpg 24 47 89
00001647.jpg 46 77 84
00000643.jpg 9 49 73 82
00006616.jpg 10 37
00002881.jpg 8 58
00001582.jpg 8 32
00006373.jpg 5 13
00003232.jpg 47 48 59 101
00001903.jpg 46 48 84 87
00006713.jpg 49 55
00003168.jpg 24 46 70 87
00000108.jpg 46 49 52
00003627.jpg 8 32 33
00006759.jpg 49 84
00003205.jpg 5 8
00002568.jpg 3 15 41 67
00003155.jpg 12 29 82
00000236.jpg 28 73
00002488.jpg 37 50 67
00000832.jpg 4 8 30
00006650.jpg 8 49 58 80 87 94
00000447.jpg 30 32 67
00006604.jpg 70 81 84
00000715.jpg 44 47 96
00001840.jpg 24 58 73 91
00003809.jpg 5 48 65
00001461.jpg 9 28 30 49 58 87
00002604.jpg 24 29 32 67
00001686.jpg 47 52 57 66 69 73 91 94
00000838.jpg 8 73 83 84 85 90 94
00003842.jpg 37 48 58 59 80 93 103
00001365.jpg 48 66 73 95 96
00002024.jpg 3 67 73 89
00000227.jpg 48 52 88
00002613.jpg 3 54 73 80
00004333.jpg 48 70 95
00001127.jpg 14 46 58 93
00001928.jpg 35 37 46 70 73 77 89
00006683.jpg 34 37 48 94
00002250.jpg 48 73 80 82 89
00000610.jpg 46 70 87
00000793.jpg 8 41 47 58
00004326.jpg 11 47 52 59 71 77 78 89
00004280.jpg 67 89 91 98
00002524.jpg 46 52 58 73 80
00003377.jpg 46 70 84 88
00000430.jpg 24 58 73 80
00002327.jpg 24 41 44 50
00004328.jpg 48 64 87
00000106.jpg 4 8 13 30 58
00001044.jpg 48 58 73 76 80
00002124.jpg 3 52
00000699.jpg 8 30 52 58 89
00006591.jpg 34 48 64 73 76
00003372.jpg 11 37 54 70 89
00000394.jpg 46 59 70 88
00001325.jpg 46 59 84
00003341.jpg 8 58 73 84 87 88
00001340.jpg 70 71 82 84 87 96
00000004.jpg 46 84 87 96 101
00000049.jpg 72 82 84 87 96
00003020.jpg 8 30
00001428.jpg 37 52
00003963.jpg 48 89
00000786.jpg 46 70 73 87
00003620.jpg 46 85 93 98
00001850.jpg 46 70 91
00002654.jpg 47 52 58 70 84
00001865.jpg 46 70 84 88 91 93
00003780.jpg 47 66 84
00001089.jpg 37 67 80 93
00000213.jpg 52 85
00004228.jpg 61 87
00002499.jpg 65 67 73 77
00000259.jpg 8 9 16 48 65
00003006.jpg 37 50
00001170.jpg 47 52 67 72 87
00000763.jpg 51 70 84 95
00003664.jpg 8 54 66 82
00000332.jpg 13 37
00000870.jpg 8 35 37 52 70 82 88 89 93 103
00000667.jpg 28 48 66
00000061.jpg 37 87
00006628.jpg 5 9 35 49
00003218.jpg 12 30 43
00004289.jpg 8 30
00003067.jpg 24 64 84 89
00003540.jpg 44 48
00001504.jpg 48 70 84
00003539.jpg 52 76 82 83 84
00000923.jpg 46 58 82 93 94
00000585.jpg 47 59 70
00003773.jpg 24 37 67 73
00003244.jpg 8 13 58
00002693.jpg 8 10 30
00000252.jpg 12 30 34
00000762.jpg 48 59 93
00000935.jpg 9 46 52 58 73 80 93
00001776.jpg 46 70 84 93
00003469.jpg 28 52 84 87
00003261.jpg 41 44 48
00003955.jpg 46 66 73 80 94
00000687.jpg 47 59 66
00000966.jpg 8 37 54 67 76 84
00003824.jpg 46 59 70
00000239.jpg 67 70 84 87
00000590.jpg 3 50 52 58 92
00000721.jpg 8 41 67
00002908.jpg 37 52 67 73 89
00001406.jpg 31 46 70 96
00006613.jpg 32 34 38 42
00003354.jpg 52 58
00004067.jpg 24 46 59
00006307.jpg 24 47 73 80 98
00000060.jpg 3 28 52 73
00006789.jpg 1 5 9 15
00001942.jpg 8 10
00003599.jpg 38 41 65 73 84
00000414.jpg 7 30 32 52
00002472.jpg 46 70 96
00004383.jpg 5 8 30
00000604.jpg 5 89
00002719.jpg 48 72 80 93
00003268.jpg 58 89 95
00001479.jpg 41 67
00000443.jpg 48 73 91
00002587.jpg 48 58 80 82 84
00000267.jpg 45 48 58 89
00003513.jpg 67 84 89 93
00001789.jpg 5 8 73 80
00003421.jpg 49 59 84
00003953.jpg 54 70 72 84 87
00000566.jpg 51 70 80 84
00002269.jpg 8 30 58
00006369.jpg 9 47 98
00003123.jpg 9 24 48 84
00000801.jpg 57 58 89
00000467.jpg 10 29
00000970.jpg 49 52 63 87
00002982.jpg 52 73 84 88
00000830.jpg 24 58 77
00000842.jpg 25 48 59 87
00002717.jpg 8 25 30 58
00003523.jpg 24 25 58 84
00002403.jpg 8 9 10 31
00000429.jpg 52 73 85 94
00004309.jpg 56 65 87
00001270.jpg 30 58
00001711.jpg 8 30 31 36 41 58
00002746.jpg 10 30
00000380.jpg 24 44 58
00000302.jpg 52 54 58 81 85
00000741.jpg 50 64
00002100.jpg 8 33 54 67 89
00003870.jpg 29 30 58
00001838.jpg 37 48 70 89 95
00001559.jpg 8 30 32 58
00002336.jpg 8 56
00000238.jpg 48 66 85
00001533.jpg 14 37
00000491.jpg 46 52 59 70
00001683.jpg 48 70 76 84
00004340.jpg 48 70 84
00003828.jpg 48 66 87
00006505.jpg 58 81
00001249.jpg 58 59 61
00001762.jpg 46 57 70 73 89
00004348.jpg 3 28 37 52 73
00006372.jpg 20 49
00001585.jpg 30 40 58
00003170.jpg 48 66 87
00003490.jpg 8 47 87 91
00003638.jpg 24 49 58
00000586.jpg 49 52 67
00002378.jpg 48 58 59 80 94
00006760.jpg 28 56 89 90
00001612.jpg 48 59 64 96
00002383.jpg 48 50 87
00003419.jpg 37 52 67
00003575.jpg 8 73 84
00002480.jpg 3 50 82 93
00002058.jpg 46 94 96
00001765.jpg 46 52 70 72
00001908.jpg 52 58 65 96
00000690.jpg 46 70 87
00002828.jpg 37 54 73 84 85 89 93 98
00002543.jpg 3 48 49
00001216.jpg 9 47 66 85 87
00001045.jpg 5 8 30 52
00000407.jpg 3 46 58 80
00003407.jpg 46 59 70 96
00002609.jpg 3 54
00003344.jpg 48 66 70 87
00000077.jpg 37 48 66 72 84 87
00001293.jpg 5 57
00002452.jpg 46 52 70 85
00002064.jpg 52 67
00000390.jpg 24 46 58 93
00001962.jpg 8 30 32
00003812.jpg 21 47 52 70 84
00003430.jpg 31 44 67 73 89
00003462.jpg 3 46 52 58 82
00004359.jpg 47 70 84
00003143.jpg 32 58
00003793.jpg 4 8 10
00004173.jpg 46 66 72 84 87
00003796.jpg 48 66 87 93 94
00004363.jpg 10 25
00000981.jpg 24 44
00001332.jpg 8 22 31 67
00003058.jpg 5 52 84
00000933.jpg 11 67 87
00000886.jpg 11 47 73 80 82
00000055.jpg 30 58
00001492.jpg 13 24 37
00001230.jpg 30 58
00004125.jpg 29 58
00002512.jpg 8 67
00001588.jpg 46 70 77 84
00002451.jpg 46 66 84 95
00000863.jpg 73 82
00003815.jpg 48 70 95 101
00000150.jpg 8 10
00006690.jpg 82 93 98
00006842.jpg 44 49 52
00004233.jpg 48 65 84 87
00001631.jpg 48 65
00000539.jpg 58 70 95
00001641.jpg 5 15
00001654.jpg 37 54 70 84 89 96
00000774.jpg 46 58 80
00001788.jpg 8 82 84 88
00001956.jpg 48 64 73 91
00006438.jpg 10 13 20
00004222.jpg 64 73 89
00000071.jpg 3 52 59 67 96
00002674.jpg 41 48 58 80
00006827.jpg 10 17
00006371.jpg 9 67 81 103
00003093.jpg 5 13
00002331.jpg 46 59 70
00003266.jpg 48 59 66
00000584.jpg 46 59 70
00000320.jpg 51 70 84 89
00006504.jpg 15 36
00002227.jpg 19 46 52 58 66 85
00003586.jpg 51 58 84 90 98
00004374.jpg 48 73 80 82
00001642.jpg 8 52 58
00003808.jpg 46 59 70 89
00004286.jpg 11 37 51
00001275.jpg 47 70 87
00003276.jpg 48 70 84 87
00002082.jpg 48 58 70 82
00001315.jpg 47 70 84
00003415.jpg 11 24 47 58 95
00003976.jpg 12 31
00001188.jpg 37 47 70 84
00002028.jpg 8 46 59 70
00006316.jpg 1 67
00001782.jpg 7 33 36
00000487.jpg 4 8 10 30
00003063.jpg 30 32 33 49 67
00002263.jpg 37 51 71 89
00002192.jpg 30 58
00002462.jpg 8 47 57 58 67 76
00002749.jpg 54 70 89 95
00006641.jpg 57 58 81
00002003.jpg 58 64 84 95
00002941.jpg 14 29 30
00000509.jpg 48 57 59
00002052.jpg 48 49 70 87
00001366.jpg 3 47 52 73 87 98
00002914.jpg 46 70 72 84 87
00003752.jpg 67 73 92 96
00004105.jpg 11 30 37
00003198.jpg 54 65 84 87 98
00001524.jpg 52 59 67 87
00001382.jpg 52 70 84 88 103
00000387.jpg 52 58 73 80 93
00002753.jpg 54 73
00003820.jpg 46 52 58 70
00000537.jpg 52 84
00000353.jpg 52 55 95
00000325.jpg 24 52 66 82
00006561.jpg 21 37 49 84
00001738.jpg 8 30 67
00006680.jpg 37 45
00006744.jpg 30 40 42
00002027.jpg 8 41 58
00003732.jpg 8 73 84
00006653.jpg 5 22 26
00006466.jpg 5 20
00006319.jpg 55 58 71 89
00003434.jpg 10 32
00004377.jpg 48 70 84
00003853.jpg 37 48 70 84 87
00002800.jpg 48 70 87
00000268.jpg 48 71 76 80 84 88 93
00000201.jpg 8 37 51 58 67 73 82 89 93
00000076.jpg 37 48 59 89
00002351.jpg 24 58
00003822.jpg 10 13
00002864.jpg 8 46 70 84 91
00006391.jpg 70 84 90 93
00004080.jpg 32 40 89
00003485.jpg 13 58
00002794.jpg 37 73 94
00006524.jpg 10 22
00003920.jpg 51 59 84 85
00002212.jpg 10 31
00003636.jpg 48 59
00002500.jpg 48 58 59 70 72 84 87
00003923.jpg 48 70 72 96
00000473.jpg 32 48 52 70 85
00002160.jpg 52 58
00003602.jpg 4 5 8 30 32
00001877.jpg 58 82
00001916.jpg 46 58 70 84 93 96
00001684.jpg 30 58
00001440.jpg 8 10 30 32
00004285.jpg 37 48 91
00002891.jpg 46 70 84 85
00002640.jpg 47 52 70 90
00001875.jpg 8 30
00006425.jpg 55 65 76 89
00000337.jpg 54 66 87
00001595.jpg 46 52 58 73 82 93
00001039.jpg 5 8 88 94
00001744.jpg 47 73 80 97
00000322.jpg 37 51 66 96
00003253.jpg 48 50 70 84
00001953.jpg 46 52
00001308.jpg 67 76
00002127.jpg 8 67 73
00003367.jpg 37 54
00006289.jpg 11 66 81 93 94
00006348.jpg 10 14 17
00003789.jpg 46 59 70 84 87 95
00003891.jpg 10 13
00003338.jpg 10 30 58
00006649.jpg 40 54 66 80
00003858.jpg 46 70 79
00000523.jpg 8 67
00003980.jpg 8 82 84 88 94
00006303.jpg 69 89
00000041.jpg 37 54 85
00000784.jpg 10 47 73 77 93
00000336.jpg 44 49 58
00006611.jpg 9 49 58
00001890.jpg 44 48 70 85
00006379.jpg 40 47 76 89 93
00002221.jpg 8 54 66 87
00001166.jpg 8 30 31 32 40 42
00001964.jpg 8 46 84 89 95
00003484.jpg 8 31 67
00003772.jpg 8 10 81
00002490.jpg 24 49 52 58
00003777.jpg 48 87
00006864.jpg 65 73 75
00003455.jpg 25 34 58
00002105.jpg 46 73 89
00001586.jpg 46 52 73 87
00001175.jpg 48 70 72 84 87
00006410.jpg 54 58 73 79
00004085.jpg 48 73 90
00000660.jpg 50 59 73 80 82
00002377.jpg 48 50 64
00002592.jpg 58 73 89 103
00006395.jpg 71 81 89 93
00002438.jpg 48 65 73
00006846.jpg 9 36
00001380.jpg 37 52 67 73
00006606.jpg 3 17 58
00001470.jpg 58 73 80
00002342.jpg 8 10 32
00001424.jpg 51 70 72 96
00002210.jpg 47 70 89
00006837.jpg 18 28 76
00006800.jpg 17 28 44
00001673.jpg 20 67
00003499.jpg 46 70 73
00006549.jpg 25 51
00001814.jpg 52 84 89
00006547.jpg 40 54 89
00006599.jpg 4 5 6
00006580.jpg 24 73 89 97
00003274.jpg 44 47
00006467.jpg 5 17
00006681.jpg 11 39
00006670.jpg 57 68 76 103
00002369.jpg 48 50 65 87
00003801.jpg 52 58 103
00001979.jpg 4 44
00000153.jpg 10 31
00002196.jpg 37 52 54 58 73 80
00001135.jpg 46 70 84 91
00002047.jpg 48 66 72 84 87
00004392.jpg 48 73 84 87 88 89
00000850.jpg 46 58 70 95
00000761.jpg 37 54 84 96
00006419.jpg 58 89 98
00000178.jpg 46 47 70 84 87
00003284.jpg 82 84 87 90
00000218.jpg 47 66 84
00001659.jpg 5 8 30
00000526.jpg 24 46
00003124.jpg 47 66 87 94
00002356.jpg 37 48 66 87 93 94 98
00003737.jpg 28 46 52 58 80 82 103
00003382.jpg 14 30 34
00001906.jpg 46 70 84
00001986.jpg 5 52 82 88 89 95
00006325.jpg 5 13
00001702.jpg 8 10 22
00003873.jpg 30 52
00006405.jpg 18 66 73 80 84
00000172.jpg 57 58
00006336.jpg 84 89 90
00003904.jpg 49 58
00003900.jpg 9 46 47 58 70
00001905.jpg 21 47 52 59
00003263.jpg 73 76 94
00000990.jpg 9 14 46 58 80
00002518.jpg 8 9 30 32 58
00000845.jpg 37 54 87
00003468.jpg 58 61 73 84 85 87 101
00003562.jpg 48 66 77
00003392.jpg 9 41 58 73 80
00001210.jpg 41 58
00003231.jpg 37 50 73
00003589.jpg 3 52 73 76 94
00004332.jpg 46 59 67 94
00000551.jpg 58 59 89
00003061.jpg 24 41 46 84 93
00000645.jpg 54 73 89 93 95
00001096.jpg 5 44 46 58 80 103
00001083.jpg 48 66 76 101 103
00001412.jpg 48 66 87
00000996.jpg 37 96
00000400.jpg 9 58 73 84 89
00003509.jpg 31 47 52 59 66 95
00000959.jpg 10 31
00001963.jpg 31 49 61 67 73 82
00000386.jpg 14 25 37 103
00002114.jpg 20 56 66 84 96
00001329.jpg 47 101
00000858.jpg 9 46 52 58
00001007.jpg 48 58 66 101
00001122.jpg 30 58
00000731.jpg 48 49 65
00001031.jpg 9 37 54 82 84 94
00003982.jpg 44 52 66 67 80
00002559.jpg 70 96
00002821.jpg 10 30
00006430.jpg 15 36
00001862.jpg 48 57 71 89
00004188.jpg 8 46 70 73 80 89 93
00006318.jpg 15 58 65
00003641.jpg 47 58 59 70
00003639.jpg 3 24 58 80 87
00000038.jpg 15 30 37 89
00006448.jpg 30 36 37 40
00002477.jpg 48 52 66 87
00000611.jpg 46 66 87
00000837.jpg 52 59 67
00001885.jpg 47 72 87
00003888.jpg 46 58 84 87
00004000.jpg 3 52 58 80
00000477.jpg 24 52 72 80 82 84 91
00000768.jpg 44 58
00000904.jpg 51 70 84 91 95
00006519.jpg 79 94
00002913.jpg 56 87
00006814.jpg 47 68 76 84 92 97 98 99
00002672.jpg 3 8 37 48
00006742.jpg 47 48 49 66 89
00002109.jpg 58 61
00000556.jpg 24 52 65 69 71 89 93 94 101
00006582.jpg 34 56 89
00003906.jpg 48 72 82
00001954.jpg 17 47 73 89
00002727.jpg 46 70 84 87 98 103
00003750.jpg 57 80 82 84 94
00003270.jpg 47 66 87
00002844.jpg 8 30
00000997.jpg 10 31 36
00004052.jpg 57 58
00000022.jpg 14 25 29 44
00001892.jpg 48 70 80 84
00002710.jpg 47 59 84 85
00003464.jpg 9 37 53 54 58 73 80 93
00001508.jpg 8 30 32
00006624.jpg 49 53 56 84 89 93
00001447.jpg 8 47 48 52 85 89 101 103
00001555.jpg 48 50 59 66
00000033.jpg 46 52 76 77
00003696.jpg 21 54 73 94
00003192.jpg 57 67
00002188.jpg 47 70 73 89
00002635.jpg 37 46 76 84 87 98
00000399.jpg 8 11 13
00003285.jpg 5 35 52 73 80 82 91
00006284.jpg 8 40
00003314.jpg 54 59 64
00003216.jpg 37 52
00003043.jpg 48 70 84 93 96
00002964.jpg 5 73 80 82
00000596.jpg 49 52 58 84 88
00001791.jpg 46 59 65 84
00003817.jpg 46 52
00002882.jpg 47 84 93 94
00000032.jpg 47 52 72
00000756.jpg 10 25
00003973.jpg 8 10 30
00002933.jpg 8 48 89
00002890.jpg 14 29 34
00002157.jpg 8 29 30 41
00002788.jpg 47 70 87 101
00001753.jpg 8 30
00003747.jpg 8 37 50 52
00001317.jpg 58 59 65
00000600.jpg 9 24 48 58 94
00001055.jpg 47 59 70 84
00003375.jpg 25 35 48 70 84
00002276.jpg 48 73 80 94
00006583.jpg 46 84 89
00001118.jpg 3 37 52 89
00002167.jpg 13 46 59 70 93 94
00003349.jpg 10 25 29 44
00000133.jpg 52 67 94
00002141.jpg 52 64 84 87
00000371.jpg 67 87 89 103
00002385.jpg 46 73 89 91
00006735.jpg 48 66 70
00000053.jpg 3 47 58 73
00004190.jpg 24 46 57 65 75 76 89
00006797.jpg 10 22
00002893.jpg 70 73 87
00000179.jpg 37 46 54 87 89
00000124.jpg 49 58
00006503.jpg 48 93 98
00003100.jpg 54 59 66 84 87 96
00001316.jpg 14 44
00000116.jpg 30 67
00003806.jpg 30 34 50 67
00000460.jpg 48 52 66 70 84
00004353.jpg 37 67 84 89
00001810.jpg 8 50 89
00000891.jpg 46 81
00000138.jpg 48 50 77 103
00006861.jpg 4 58 81
00001264.jpg 13 30
00002293.jpg 10 33
00000381.jpg 8 46 59
00001573.jpg 46 70 95
00001082.jpg 54 85
00001933.jpg 48 69 94
00001434.jpg 24 50 67 73 82 89
00000350.jpg 13 58
00003227.jpg 24 49 67 93 94
00002544.jpg 54 73 80
00004224.jpg 25 73
00001634.jpg 48 73 80 93 95
00002911.jpg 8 10 30
00003394.jpg 48 65 87 93
00001660.jpg 46 50 84 89 103
00003621.jpg 8 32 58 89
00004317.jpg 47 64 72
00004220.jpg 8 10
00003849.jpg 54 73 87 94
00000072.jpg 37 52 54 56 66 85
00000480.jpg 14 47 59
00000962.jpg 46 70 84 89 91
00002990.jpg 30 62 84 88
00002268.jpg 47 59
00006569.jpg 55 59 73 80
00004310.jpg 48 70 85
00003893.jpg 29 48 52 67
00000558.jpg 8 30 32 67
00001442.jpg 37 54 70 77 84 93
00004057.jpg 47 68 76 84 89 99
00004294.jpg 29 58
00000538.jpg 52 67 73 89
00003717.jpg 37 54 87
00000327.jpg 14 33 44 103
00000652.jpg 8 30 42
00006490.jpg 8 89 103
00001608.jpg 46 52 66 82
00002522.jpg 49 58 80 103
00001411.jpg 10 57
00000638.jpg 48 49 66 84
00001023.jpg 13 44
00004240.jpg 52 62
00004131.jpg 37 54 70 84 90 91
00003302.jpg 47 61 64 72 96 101
00001589.jpg 5 9 82 84 88
00000291.jpg 24 52 58 66
00006798.jpg 12 38
00002897.jpg 87 94
00003026.jpg 3 8
00002631.jpg 47 72 81
00006341.jpg 36 61
00001401.jpg 67 96
00001663.jpg 3 46 58 59 80
00003910.jpg 46 70 96
00006676.jpg 3 5 8 17 31 36
00004003.jpg 24 28 50 54 58 73 80
00001193.jpg 46 70 87
00002758.jpg 10 37
00001996.jpg 47 70 84 96
00000395.jpg 48 49 64 87
00003112.jpg 8 31 47 80 87
00000165.jpg 5 8 73 84 87 94 96
00002009.jpg 48 66 82
00002474.jpg 25 29 36 82 101
00003993.jpg 8 52 67 70
00003359.jpg 9 13 23 58
00000066.jpg 48 50 66 87 95 101
00002569.jpg 48 64 73 80
00000781.jpg 67 81
00000405.jpg 11 47 65
00002088.jpg 47 59 87
00004199.jpg 9 11 46 52 68 76 88 89 92 93 101
00002139.jpg 4 13 52
00003009.jpg 24 46 93 94 96
00006855.jpg 11 14 36
00003919.jpg 5 9 49 73 96
00003501.jpg 8 46 70 84 87 101
00001287.jpg 52 58
00002237.jpg 24 46 95
00000631.jpg 46 52 59 70
00001679.jpg 8 54 70 73
00003440.jpg 37 48 66 89
00002795.jpg 51 70 84 95
00003502.jpg 48 58 59 65
00002013.jpg 47 84
00002334.jpg 9 58 73 89 93 94
00002466.jpg 9 73 82 87 94
00003289.jpg 48 50 58 80 93
00004214.jpg 14 30
00006644.jpg 18 28 29 34 89 94
00000957.jpg 10 13
00003318.jpg 46 59 65 85 93 94
00001662.jpg 48 87 103
00004311.jpg 46 59 70
00003847.jpg 49 61 94
00002777.jpg 37 47 62 66
00004154.jpg 54 67 84 96
00001269.jpg 9 48 50 96
00000603.jpg 52 66 73 80
00006749.jpg 13 58
00003082.jpg 8 46 52 70
00001285.jpg 35 38 47 58 73 94
00001143.jpg 37 47 89
00000289.jpg 48 66 72 84 87
00000517.jpg 34 46 58 94
00002388.jpg 47 48 59
00001596.jpg 67 89
00004161.jpg 52 63
00003084.jpg 46 58 59 73 89
00002919.jpg 58 70 87
00001733.jpg 48 77
00001646.jpg 8 10 30
00002038.jpg 50 58 70 84 87 95
00000300.jpg 58 70 101
00002886.jpg 4 10
00004133.jpg 8 9 73 84 88 94
00002562.jpg 8 48 72 84 87
00003142.jpg 9 58 73 89
00002808.jpg 46 70 84 93
00000282.jpg 47 48 64 87
00006384.jpg 19 48 96
00003271.jpg 37 48
00003592.jpg 9 76 89 101
00000046.jpg 47 56 65 73 96
00001724.jpg 9 58 73 80
00002722.jpg 47 84 87 89
00000727.jpg 3 51 87
00001408.jpg 3 52 93
00006479.jpg 47 68 80 89
00006513.jpg 8 10 36
00001414.jpg 10 29 30
00002407.jpg 4 31
00003114.jpg 46 52 58 73 80 93
00001547.jpg 8 37 54 70 76 84 85
00003235.jpg 9 49 52 58 89
00003647.jpg 24 49 52 58
00006865.jpg 8 27
00001938.jpg 10 31
00003548.jpg 46 84
00001489.jpg 52 62
00000342.jpg 8 41 58 73 84
00001403.jpg 10 37
00000094.jpg 3 46 52 58 80
00006698.jpg 45 47 67
00004364.jpg 46 70 84 87 89
00002857.jpg 37 54 73 87 89 91 103
00003478.jpg 46 58 59 73 80 93
00002262.jpg 48 52 87
00001242.jpg 46 67 70 73 96
00000005.jpg 48 73 89
00003533.jpg 24 48 72 82 84 87 88 96
00003935.jpg 46 70 84
00002852.jpg 48 59 65 70
00006667.jpg 6 81
00001627.jpg 47 52 89 103
00003805.jpg 37 46 66 87 93 98
00000205.jpg 34 54
00003885.jpg 46 70 84 88 91 93
00000738.jpg 5 50 72 94
00002022.jpg 3 46 49 52 58 82 93
00006313.jpg 37 40
00006290.jpg 12 36
00002754.jpg 46 58 73 80
00002755.jpg 54 73 81 87 93
00000484.jpg 29 58
00001579.jpg 31 32 67
00006444.jpg 47 96
00003646.jpg 8 46 58 64 72 84 87 93
00000670.jpg 10 31
00004090.jpg 48 70 84
00002216.jpg 48 70 87
00002783.jpg 58 73
00003306.jpg 14 82 84
00002843.jpg 46 58 89
00003362.jpg 13 44 58 67 82 94
00000906.jpg 5 13
00001415.jpg 9 24 25 58
00001750.jpg 8 30
00001213.jpg 51 66 83 95
00002201.jpg 5 13
00000251.jpg 5 8 84
00000540.jpg 37 48 52 64 87 89
00001088.jpg 52 56 65 82 89
00002071.jpg 52 67 87
00003557.jpg 48 70 84 89 103
00000298.jpg 32 33 67
00002558.jpg 48 70 87
00000946.jpg 56 66 72 87
00001823.jpg 12 30
00006511.jpg 14 37 45
00001970.jpg 37 56 58
00003443.jpg 48 52 66 72 84 87 96
00001605.jpg 14 46 52 89 93
00002694.jpg 58 73 103
00006317.jpg 68 80 99
00001393.jpg 8 48 84 88
00006354.jpg 8 40 48 94
00006418.jpg 12 17 29
00002365.jpg 13 44
00001252.jpg 8 29 58
00003236.jpg 4 5
00002389.jpg 58 84 87
00001960.jpg 3 46 58 73 80 82 93
00000827.jpg 52 67
00001110.jpg 8 9 58 84 89
00000788.jpg 9 46 70 85
00006523.jpg 10 22 36
00004369.jpg 24 41 49 58
00001576.jpg 57 81
00001693.jpg 8 30
00002502.jpg 48 70 73 85 89 94
00001895.jpg 10 13 31
00000662.jpg 48 65 84 96
00001604.jpg 46 52 58 87
00002274.jpg 47 58 65 70 93
00002723.jpg 48 66 84 87
00000587.jpg 21 52 66 87
00000819.jpg 48 52 67
00001611.jpg 37 48 73 89
00001376.jpg 46 70 95
00002066.jpg 12 29 30 32 89
00001720.jpg 24 73
00000892.jpg 47 59
00003719.jpg 56 65 87
00004299.jpg 46 59 70 87
00003851.jpg 48 70 77 84
00001232.jpg 5 13 24 58
00004246.jpg 46 70 95
00002955.jpg 9 48 65 71 84 90 101 103
00000757.jpg 48 66 87
00000591.jpg 48 52 66 89 93
00003209.jpg 56 72 87
00001594.jpg 10 30
00002662.jpg 48 84 87
00003681.jpg 3 58 73 82
00000378.jpg 50 87 101
00003398.jpg 10 32
00006294.jpg 14 27
00004278.jpg 17 48 71 73 96 98 103
00001405.jpg 48 58 73 80 93
00000149.jpg 13 58
00006366.jpg 54 66 73 85
00001741.jpg 48 57 58 73 89
00003897.jpg 46 52 70 84 87
00003373.jpg 37 52 58 89
00003044.jpg 9 48 58 70 87
00001651.jpg 30 58
00003934.jpg 47 64 87
00001421.jpg 48 52 60 89
00003960.jpg 8 13 58
00003293.jpg 47 64 96
00000217.jpg 47 52 54 93
00003039.jpg 8 48 66 95
00002620.jpg 30 32 58
00002628.jpg 46 59
00003654.jpg 41 67
00006507.jpg 12 36 89
00001245.jpg 48 84 96
00002868.jpg 47 70 84 88 95
00000068.jpg 9 14 52 58 73 93
00003767.jpg 46 58 73 89 93
00006807.jpg 31 33 36
00001040.jpg 14 40 46 58 73 80 82 103
00003563.jpg 48 58 65 73 89 96
00002678.jpg 3 46 58 91
00006458.jpg 27 58
00003878.jpg 8 10
00003505.jpg 14 31
00002420.jpg 46 58 82 103
00003013.jpg 47 70 84 96
00000911.jpg 37 54 66 73 85 89
00000583.jpg 10 30
00003472.jpg 50 52 70 87
00000346.jpg 4 30 58
00003242.jpg 47 58 93
00000103.jpg 51 70
00000944.jpg 35 41 52 72 82 84 87
00006634.jpg 20 22 52 87 93
00002067.jpg 46 70 82 85 89
00001912.jpg 8 14 52 73 76 84 85 87 94
00001563.jpg 50 82 91
00000169.jpg 14 37
00003179.jpg 8 38
00001520.jpg 8 52 76 88 94 96
00001867.jpg 8 48 82 84
00001359.jpg 47 73 82
00002615.jpg 8 46 70 87 103
00002049.jpg 48 59 70
00003876.jpg 10 47 84 89
00003977.jpg 10 30 32
00001787.jpg 9 49 50 52 58 73 82
00006828.jpg 8 10 40
00003324.jpg 3 8 9 46 52
00003282.jpg 8 46 52 59 84 95 98
00001728.jpg 3 46 58 103
00000281.jpg 10 13
00001886.jpg 51 70 87
00001854.jpg 46 70 87
00004072.jpg 24 58 73
00001496.jpg 47 64 87
00000661.jpg 37 54 70 87
00004234.jpg 46 58 70 84 93
00006822.jpg 40 48 66 94
00003336.jpg 30 32 52 67
00004103.jpg 47 65 73 94 96
00000245.jpg 32 52 66
00002665.jpg 48 66 89 94 96 101
00001301.jpg 37 54 66 87
00000189.jpg 48 52
00000100.jpg 49 67 73 93
00003657.jpg 8 14 55 58
00003814.jpg 48 65 77
00002352.jpg 46 70 87 101
00000309.jpg 46 66 76
00004268.jpg 11 48 70 95
00002115.jpg 4 8 30 58
00002611.jpg 52 87
00003774.jpg 3 5 8 84
00001630.jpg 49 70 93 95
00002733.jpg 37 47 87
00002338.jpg 10 30
00001947.jpg 48 52 67 73 80
00001061.jpg 37 54 84 85 87
00003146.jpg 48 84 95
00006499.jpg 34 56 80 89 93
00003658.jpg 70 89 93 103
00002799.jpg 48 65 84
00002661.jpg 59 66 67 95
00004271.jpg 14 37
00003291.jpg 25 31 41 44
00003764.jpg 8 24 49 67 76 89
00001320.jpg 38 52 58
00002337.jpg 10 44
00002894.jpg 66 67 73 82 89 94
00000365.jpg 37 54 66 87 100
00002189.jpg 47 70 96
00006596.jpg 5 8 52
00006440.jpg 1 5
00003350.jpg 5 58 84
00001609.jpg 48 84
00003220.jpg 11 46 84
00000384.jpg 5 20 31
00002806.jpg 46 52 82
00002581.jpg 47 70 72 87
00006417.jpg 40 47 52
00004367.jpg 46 52 58 82 93
00000164.jpg 24 49 50 66 73 93 98
00004128.jpg 17 58
00001342.jpg 44 54 66 85
00002199.jpg 46 70 84
00000876.jpg 12 29 30 32
00001936.jpg 24 65 87
00000864.jpg 47 70 84 85
00006664.jpg 14 27
00000114.jpg 46 58 73 93
00002326.jpg 40 49 84
00004235.jpg 58 70 93 95
00004357.jpg 46 65 93 94 95 101
00000014.jpg 46 71 84
00000995.jpg 48 52 66 96
00000442.jpg 9 58
00003089.jpg 8 31 32 33
00006612.jpg 40 70
00003913.jpg 67 73 80 85 89 94
00000359.jpg 46 70 84 89 98
00000859.jpg 3 46 47 58 73 80 93 101
00000818.jpg 46 65 95
00001553.jpg 37 54 66
00001357.jpg 48 70 84
00003003.jpg 9 52 58 70 73 82 98
00001138.jpg 3 46 58 73 80 93 101
00001568.jpg 48 70 84
00000354.jpg 48 72 84 87 89
00001148.jpg 8 48 52 66 87
00000376.jpg 5 52
00002177.jpg 8 30 33 41 44 58 73 84 87 88 103
00002246.jpg 36 58
00006711.jpg 40 48 89
00003332.jpg 52 67
00000393.jpg 48 66
00001486.jpg 10 31 89
00002319.jpg 5 15
00006688.jpg 3 34 37 73 83
00002803.jpg 21 34 46 66
00001981.jpg 48 70 77
00003748.jpg 56 58 73 89
00006570.jpg 66 67 89 90
00003950.jpg 46 73 77
00001051.jpg 8 30 31 41 44
00003669.jpg 8 10 13 17
00003195.jpg 48 66 87
00000099.jpg 3 8 48 93
00000608.jpg 8 82 84 88
00002813.jpg 46 52 82 84 94
00002756.jpg 8 17 30 41
00003745.jpg 24 46 66 82 92 93
00006392.jpg 11 46 52 67
00003481.jpg 32 67
00001572.jpg 46 52 58 65
00003917.jpg 44 50 52 58 73 80 81 94
00002147.jpg 8 11 52 66 67 73 89 93
00001009.jpg 54 66 87
00001399.jpg 9 41 58 73 80
00004325.jpg 16 58
00003839.jpg 5 13
00004195.jpg 48 64 87
00002401.jpg 8 57 67 87
00004384.jpg 14 44
00004001.jpg 48 59
00002775.jpg 46 66 84 91
00003283.jpg 28 66 73 93
00000254.jpg 5 8 84 88 89
00000160.jpg 28 47 67 73 89
00001233.jpg 10 32
00002586.jpg 64 85 98
00003623.jpg 49 93
00004139.jpg 52 58 73 96
00006293.jpg 39 67
00001058.jpg 16 44
00000328.jpg 4 10
00002837.jpg 46 66 72 84 87 101
00000146.jpg 3 52
00002515.jpg 14 32 67
00001997.jpg 46 70 84 93
00001633.jpg 9 54 70 84 87
00000839.jpg 67 73 80 84
00001458.jpg 24 41 44 49 52 67 89
00001667.jpg 30 41 45 89
00006829.jpg 35 55 65
00001509.jpg 24 73 84 89 93
00006826.jpg 43 45
00004284.jpg 37 46 52 56 85 96
00002829.jpg 54 70 87 96
00000636.jpg 35 54 70
00002299.jpg 8 24 29 30
00002467.jpg 48 73 94
00003781.jpg 70 96 101
00003554.jpg 44 73 93 94
00002068.jpg 37 58 70 73 98
00001463.jpg 48 66 84 87
00003763.jpg 47 66 96
00000406.jpg 8 67
00003556.jpg 8 46 47 59 70 93
00003457.jpg 8 72 84 87 88
00004029.jpg 52 59 67 77 82 84
00001935.jpg 48 50 64 87
00002343.jpg 10 30 31 32
00000409.jpg 9 24 58 73 89
00001119.jpg 9 51 77 84 87 89 103
00006378.jpg 82 94
00004088.jpg 24 47 58
00001151.jpg 3 21 47
00000074.jpg 48 49 52 66 70 103
00002764.jpg 12 29
00000618.jpg 37 52 80 103
00001577.jpg 4 5
00001920.jpg 3 9 46 58 80 101
00006339.jpg 65 69 73
00002091.jpg 48 80 84
00001327.jpg 70 82 84
00004075.jpg 8 56 88
00003778.jpg 30 54 89
00002473.jpg 5 10 26 30
00000797.jpg 9 46 49 58 73 80
00003756.jpg 44 48 66 96 98
00002421.jpg 9 49 58 73 93
00000210.jpg 8 30
00004117.jpg 10 13
00001453.jpg 73 93 94
00006329.jpg 24 47 65 80 92
00001869.jpg 5 8 88
00001409.jpg 46 70 84
00003021.jpg 5 31 32
00000562.jpg 24 36 58
00000682.jpg 48 58 73 82
00003818.jpg 12 29 30
00001773.jpg 67 80 82 84 88 103
00001145.jpg 50 51 73 80
00002025.jpg 46 70 87
00006314.jpg 8 10 31 34
00000945.jpg 46 65
00003868.jpg 11 13 44
00000065.jpg 14 37
00001011.jpg 46 58 73 80 93
00003610.jpg 37 48 70 72 84 96
00006298.jpg 9 47 79
00004135.jpg 9 52 67
00002765.jpg 51 52 89
00001060.jpg 48 70 89
00002176.jpg 12 30 41
00006784.jpg 49 65 87
00000097.jpg 10 52
00001845.jpg 4 30
00003136.jpg 37 58
00004042.jpg 3 52 94
00001898.jpg 52 73 84 88 89
00002078.jpg 21 48 64
00002198.jpg 46 70 84 87
00001994.jpg 16 37 89
00004252.jpg 37 47 70 73 82 89
00000934.jpg 50 58 73 80 84 88
00003310.jpg 49 64 73 94
00001988.jpg 5 25 58
00001984.jpg 46 70 72 73 87 89
00003761.jpg 14 24 50 58 73
00000513.jpg 56 58 64 80 84
00002017.jpg 14 37
00001643.jpg 8 67 73 80 82 103
00006312.jpg 5 44
00002617.jpg 53 56 59 70 87
00001510.jpg 82 93 94
00003729.jpg 1 5 13 30 41
00001719.jpg 14 46 70 96
00004201.jpg 5 8
00000158.jpg 58 73 76 80 93
00003835.jpg 8 48 87
00002172.jpg 52 58
00000599.jpg 52 58 82 84 88 89
00006548.jpg 11 55 58 71
00001872.jpg 8 30
00001457.jpg 9 11 46 58 73 89 92
00000224.jpg 8 10 31
00004141.jpg 5 8 37
00000958.jpg 12 30
00002523.jpg 46 84
00001531.jpg 46 52
00003921.jpg 46 70 80 84 88 93
00006577.jpg 32 34
00003775.jpg 47 66 87
00000594.jpg 48 70 72 87 96
00003463.jpg 58 73 102
00006286.jpg 9 22 45 52 89
00001899.jpg 11 28 48 58
00006806.jpg 9 45 89
00001157.jpg 13 14 37 78 89 93
00001915.jpg 3 9 46 58 73 80 93
00003322.jpg 46 52 58 96
00002486.jpg 37 54 70 95
00002750.jpg 46 66
00006840.jpg 47 68 88 89
00003988.jpg 8 10 30 42
00003987.jpg 3 52 67
00004138.jpg 54 87
00003368.jpg 46 52 59 70
00001013.jpg 48 58 64 73 89 93 101
00001833.jpg 8 48 59 76
00001806.jpg 52 73 83 89
00001570.jpg 47 59 70 84 95 96
00003343.jpg 28 46 58 59
00006721.jpg 39 52
00002884.jpg 11 48 52 66 70 77 84 95
00006361.jpg 58 73 84 89 101
00001056.jpg 24 49 59
00000113.jpg 58 72 85 87 89
00001813.jpg 5 84 103
00000441.jpg 31 58
00000498.jpg 46 52 58 71 80
00000504.jpg 47 70 87
00000739.jpg 48 66 82 85
00001179.jpg 14 44
00006645.jpg 15 17
00002540.jpg 47 70 87
00003019.jpg 46 66 87
00003918.jpg 52 58 87
00002867.jpg 48 52 84 96
00006399.jpg 14 78
00003173.jpg 47 59 65
00006545.jpg 12 34
00002138.jpg 49 64
00006793.jpg 35 48 58 66 73 93
00004144.jpg 8 10 33
00002966.jpg 25 44 58
00002993.jpg 8 10 30
00003975.jpg 8 11 54 89 103
00001087.jpg 11 46 70 87
00003736.jpg 8 46 58 59
00002878.jpg 48 70 73 87 89
00000733.jpg 48 59 70
00004266.jpg 12 30
00002077.jpg 52 64 72 84 87 94
00006602.jpg 9 39 58
00001764.jpg 46 70 81 84 91
00002923.jpg 46 72 84 93
00004120.jpg 8 48 52 82
00006540.jpg 14 37
00000548.jpg 37 52 55 89
00003191.jpg 11 48 52 89
00006552.jpg 36 54
00002677.jpg 47 70 91
00001017.jpg 48 59
00002148.jpg 37 54 70 73 80 82 93 101
00001208.jpg 5 44 48 82 103
00002637.jpg 46 65 84 87
00000875.jpg 46 70 84
00003595.jpg 9 47 70 85 93
00004169.jpg 48 66 96
00002224.jpg 10 16
00003149.jpg 8 30 58
00003000.jpg 10 13
00000356.jpg 18 24 26 48 57 83 89
00002434.jpg 46 66 84 87 94
00002347.jpg 8 10 11 103
00003210.jpg 48 66 70
00001532.jpg 14 31
00003522.jpg 21 48 70 87
00000748.jpg 8 29 84 88
00000943.jpg 8 24 46 52 58 94 95
00001073.jpg 9 56 66 87
00003946.jpg 47 73 76 84 85 96
00003115.jpg 57 58
00006309.jpg 66 68 87
00002732.jpg 48 52
00003924.jpg 46 65 87
00002612.jpg 48 70 84
00000115.jpg 8 47 52 70 87
00001978.jpg 10 25 41 44
00006488.jpg 9 19 67
00003864.jpg 46 58 70 94
00000352.jpg 46 58 73 93
00006480.jpg 18 66 89
00003799.jpg 65 73
00002926.jpg 48 52 59 67 70
00002599.jpg 48 73 80 82
00001774.jpg 64 87
00002468.jpg 37 54 70 87
00000709.jpg 37 46 87 89 101
00002409.jpg 48 66 77
00001391.jpg 8 82 84 87 88 94
00003677.jpg 46 59 66 70 84
00000454.jpg 52 58 73 80
00004124.jpg 52 58 61
00000468.jpg 48 59 96
00003068.jpg 48 52
00003810.jpg 30 37 52 67
00003448.jpg 47 65 72 87
00001209.jpg 48 80 101
00000510.jpg 46 70 84 93
00001417.jpg 48 58 65 87 93
00006461.jpg 52 53 58 65 76
00003615.jpg 24 49 58
00006567.jpg 19 42
00002117.jpg 24 31 89
00000015.jpg 54 84 87 96
00002370.jpg 46 66 71 87 98
00001506.jpg 8 30
00002123.jpg 52 73 96
00003969.jpg 18 47 64
00000907.jpg 48 65
00006824.jpg 8 36
00001552.jpg 8 72 73 82
00004211.jpg 51 52
00006437.jpg 39 58 89
00001059.jpg 24 28 47 59 73
00002085.jpg 56 58 89
00003690.jpg 13 58
00003758.jpg 8 72 84 87 88 89
00002952.jpg 51 70 85 95 103
00000976.jpg 14 46 57 70 73 80
00001827.jpg 54 84 85 87
00002772.jpg 71 73 93 94
00003051.jpg 46 70 73 80
00002977.jpg 9 10 46 80
00001375.jpg 48 57 84 88
00002630.jpg 67 73 89
00002254.jpg 48 49 70 84 87
00001274.jpg 46 58 73 80 93
00006691.jpg 38 47 96
00002431.jpg 1 49 52 72 84 87 88
00000922.jpg 54 59 84 95
00002368.jpg 30 41 46 58 73 80 103
00002533.jpg 48 66 84 93
00001322.jpg 46 59 70
00003101.jpg 48 66 87
00002970.jpg 8 10 30
00002535.jpg 48 84 87
00000052.jpg 61 73 93 94
00001830.jpg 9 50 67 73 80 82 93
00006834.jpg 5 9 27 89
00000916.jpg 47 70 89 93
00006765.jpg 84 90
00002450.jpg 46 64
00003680.jpg 5 8
00002560.jpg 8 30 52 58
00000373.jpg 8 84
00000488.jpg 8 82 84 87
00004316.jpg 5 8 30
00002156.jpg 37 57 71 76 89 93 94 103
00003369.jpg 3 60 80 82 93
00001974.jpg 14 41 87 89
00002094.jpg 3 47 49 73
00002190.jpg 58 67 82
00003782.jpg 10 25 38
00000272.jpg 71 73 93 94
00006686.jpg 14 34 44
00006472.jpg 5 13
00003298.jpg 10 44 54 84 89 94
00006370.jpg 24 47 81
00001104.jpg 10 31
00006441.jpg 25 89
00006636.jpg 25 80
00001358.jpg 30 56 67
00006382.jpg 12 29 39
00000012.jpg 8 73
00006726.jpg 8 10 81
00006556.jpg 27 67
00006542.jpg 31 40 58
00003193.jpg 52 84 88
00004180.jpg 37 48 93
00000691.jpg 35 46 67 70 73 80 93
00006633.jpg 8 10 36
00000884.jpg 52 82 84 88
00001751.jpg 54 70 84 89
00000314.jpg 51 70 84 89
00006377.jpg 18 71 81 93
00001465.jpg 46 70 84 93 101
00003251.jpg 46 70 84 96
00004049.jpg 48 59 87
00004045.jpg 48 84 87
00002261.jpg 48 52 66 72 84 96
00001982.jpg 47 72 84 93
00002119.jpg 4 30 58
00003706.jpg 37 54 66 84
00001024.jpg 48 84 96
00000914.jpg 8 10 41
00006780.jpg 15 58
00004178.jpg 58 81
00003715.jpg 52 56 59 70
00002140.jpg 48 70 87
00001449.jpg 9 46 72 82 84 87
00000427.jpg 3 48 58
00004070.jpg 8 46 52 70
00003129.jpg 47 58 87 94
00002648.jpg 54 73 80 82
00002018.jpg 5 31
00004061.jpg 41 50 65 73 103
00000726.jpg 16 37 58
00000785.jpg 44 46 58 67 73 80
00002280.jpg 37 67 70 82
00001344.jpg 48 87
00000471.jpg 48 70 84
00006682.jpg 11 15 37 78
00003594.jpg 47 66 70 77 84
00003483.jpg 30 32 67
00006541.jpg 14 36
00001476.jpg 9 66 73 89 93 96
00003403.jpg 48 82
00004026.jpg 9 25 41 49 65 73 84
00000129.jpg 10 30
00002817.jpg 9 52 58 73
00002228.jpg 3 52
00001459.jpg 46 70 73
00002458.jpg 58 80
00003881.jpg 24 48 67 70 73
00006626.jpg 12 34 94
00001035.jpg 9 82 83 84 88 89 94
00000612.jpg 8 30
00001658.jpg 48 65 87
00001335.jpg 24 50 58
00000683.jpg 47 70 84 85
00004134.jpg 9 24 32 47
00003428.jpg 24 50 67
00003459.jpg 32 44
00001484.jpg 32 67
00001784.jpg 48 73 87
00002907.jpg 48 70 87
00006394.jpg 37 54 96 99
00001130.jpg 48 59 87
00006747.jpg 37 48 49 93
00000869.jpg 54 66 87 94
00000444.jpg 3 46 73
00003531.jpg 8 10 30
00002968.jpg 10 29
00006421.jpg 5 13
00003560.jpg 8 30 32
00000006.jpg 49 52 59 70 84
00001448.jpg 8 29 41
00006652.jpg 76 81 94
00003603.jpg 10 30
00000557.jpg 37 50 52
00003629.jpg 48 66 84 95
00002636.jpg 24 62 89
00001535.jpg 61 73
00001319.jpg 51 70 80 84
00002593.jpg 12 30
00004051.jpg 46 48 52 58 73 80 89
00000779.jpg 31 58
00000111.jpg 48 70 84
00004148.jpg 14 37
00000294.jpg 47 48 66 84 87
00001310.jpg 49 87
00003721.jpg 67 70 84 87
00006651.jpg 73 96 101
00002776.jpg 24 47 58 84 101
00001620.jpg 28 48 49 58 80 94
00002159.jpg 24 57 89
00000318.jpg 9 58 67 70 73 80 82
00003740.jpg 13 30 32 58 89
00003866.jpg 46 52 59 70
00002345.jpg 48 66 87
00006678.jpg 22 31 67
00002910.jpg 46 52 58 73 80 93 94
00001328.jpg 5 8 58 71 84 88 89
00002915.jpg 65 87
00002830.jpg 46 73 89
00006306.jpg 8 36
00002032.jpg 8 50
00000912.jpg 10 31
00004255.jpg 21 48 70 77
00006845.jpg 12 30 40
00003634.jpg 56 58 65
00001111.jpg 54 58 70 89
00004123.jpg 5
00002877.jpg 8 48 84 88
00003925.jpg 9 29 30 67
00006527.jpg 12 27
00003692.jpg 10 25
00000882.jpg 13 67
00001511.jpg 24 46 66
00000275.jpg 24 30 67
00001446.jpg 24 27
00002448.jpg 47 59 70 89
00000635.jpg 44 58
00002638.jpg 26 52 67 73 80
00003495.jpg 30 40 42
00006745.jpg 36 67
00003765.jpg 8 82 84 87
00004084.jpg 8 30 32
00003762.jpg 61 73 89
00004096.jpg 48 63 84
00001462.jpg 3 61 84 88
00006493.jpg 17 58
00000800.jpg 10 31
00003489.jpg 25 48 95
00006429.jpg 5 17 26
00001162.jpg 9 35 73 82
00002716.jpg 32 67
00003535.jpg 48 70 87
00002031.jpg 21 37 48 64
00003159.jpg 12 31 37 44
00002108.jpg 48 58 73 91 93
00001078.jpg 47 65 84 93 96
00001072.jpg 51 64 73 80
00001758.jpg 37 48 95
00002900.jpg 47 58 66 73 87
00000104.jpg 47 54 67 73 82 93
00002509.jpg 8 10 30
00002583.jpg 10 49 66 67 80 103
00006491.jpg 40 47 66 96
00001723.jpg 58 73 89 93
00004193.jpg 48 84
00006804.jpg 4 17 22 31
00002779.jpg 23 52 73 82 93
00001617.jpg 49 70 84 91
00000370.jpg 48 73 91
00002272.jpg 52 82 84 88 94
00003036.jpg 48 52 70 84 85
00004238.jpg 37 58 101
00002793.jpg 8 30 32
00002493.jpg 8 47 59
00001638.jpg 37 54 66
00002839.jpg 30 50 67 73 89
00000490.jpg 52 58 80 82
00006858.jpg 11 44 46 49 52
00001913.jpg 13 64
00000954.jpg 48 52 88 94
00002730.jpg 9 52 66 82
00006618.jpg 1 5
00001312.jpg 10 37
00002511.jpg 48 84 91 101
00000002.jpg 58 67
00004361.jpg 37 67
00006323.jpg 58 81
00006706.jpg 21 24 47 49 73
00002121.jpg 46 48 70 73 80
00001879.jpg 10 29
00000237.jpg 14 44
00004219.jpg 52 63
00003901.jpg 46 70 95
00003597.jpg 9 28 58 89 92
00002235.jpg 10 48 59 80
00000017.jpg 3 46 67
00001550.jpg 58 73 89
00002308.jpg 8 10 31
00006656.jpg 8 36 39
00001946.jpg 9 49 52 58 73 80
00000363.jpg 3 47 52 66
00003134.jpg 8 10 30
00002623.jpg 48 59 70
00002700.jpg 3 9 13 46 58
00003749.jpg 37 48 93
00003207.jpg 46 66 70 87
00006695.jpg 46 101
00006701.jpg 36 37 70
00000142.jpg 59 67
00003712.jpg 46 58 73 80 93
00002949.jpg 50 67 70 93 96
00000486.jpg 46 70 84 88
00006847.jpg 5 13
00002980.jpg 42 67
00001881.jpg 46 65
00001481.jpg 54 73 82 87
00006328.jpg 11 40
00001955.jpg 46 59 70
00002797.jpg 9 46 52 58 73 80 93
00002505.jpg 8 24 73 82 84 88
00000479.jpg 10 31
00003247.jpg 24 47 76 89
00004334.jpg 10 30
00000878.jpg 10 31
00002168.jpg 50 52 58 73 80
00002715.jpg 48 73 80
00004371.jpg 28 47 103
00000285.jpg 16 46 58
00001800.jpg 8 84 87
00001677.jpg 3 21 48 52 58
00003984.jpg 47 48 58 70 84 93 95
00003184.jpg 30 58
00003083.jpg 46 52 65 93
00002649.jpg 8 58 89
00001972.jpg 34 37 48 84
00002692.jpg 9 29 58
00003381.jpg 64 89
00001146.jpg 8 28 46
00006833.jpg 8 17 31 34 44
00006506.jpg 5 22 38
00001710.jpg 17 22 25 39 41 52 57 68
00000331.jpg 5 8 52
00002519.jpg 10 32 37
00002043.jpg 3 9 46 58
00001757.jpg 37 54 66 84
00000705.jpg 48 73 87
00000107.jpg 51 52
00003279.jpg 8 67 82 84
00000372.jpg 70 101
00003252.jpg 47 52 70 87
00001834.jpg 52 70 84
00003017.jpg 48 64
00006352.jpg 70 73 82
00004244.jpg 4 10 30
00000873.jpg 52 56 85
00001260.jpg 48 66 82
00000117.jpg 24 47
00003121.jpg 48 54 84
00001402.jpg 52 58
00001114.jpg 9 48 70 84 95
00003970.jpg 8 30 32
00002859.jpg 52 80 84 94 100
00001103.jpg 3 46 52 58
00000128.jpg 56 67 73 82
00002929.jpg 47 70 84 85 89
00002404.jpg 5 10 25
00003054.jpg 9 32
00002424.jpg 8 84 88 89
00004132.jpg 9 52 70 95
00003507.jpg 52 59 95
00002953.jpg 13 25 31 49 67
00004259.jpg 22 48 67 72 84 87 89
00001923.jpg 8 30
00001529.jpg 46 58 72 82 84 89 93 98
00002869.jpg 8 30 44 52 67
00002483.jpg 3 52 66 70
00003366.jpg 67 71 84 89 93
00002601.jpg 5 9 82 84
00006693.jpg 35 39 47 49
00003140.jpg 61 70 72 87
00001780.jpg 31 33 41 42 43 44 67
00002610.jpg 48 96
00000849.jpg 10 32 45
00002270.jpg 46 58 82 93 103
00002233.jpg 46 70 85
00002834.jpg 48 59 85
00001172.jpg 67 73 82
00000091.jpg 58 59 70
00000543.jpg 46 59 73
00004298.jpg 24 56 58
00001888.jpg 50 70 84 96
00003860.jpg 5 8 73 84 87 94 96
00003408.jpg 46 58 70 72 84 87 88
00002412.jpg 52 82 84 94
00004157.jpg 30 58 89
00006669.jpg 55 65 71
00000852.jpg 9 46 58 67 73
00001566.jpg 50 57 73
00006658.jpg 19 48 66
00003791.jpg 46 66 84
00000209.jpg 47 59 70
00001237.jpg 3 61
00000039.jpg 58 73 89
00001236.jpg 25 57 58
00006502.jpg 24 76 92
00002394.jpg 37 56 58
00003867.jpg 50 73 80
00001817.jpg 10 31
00000810.jpg 47 66 87
00006368.jpg 8 27
00001373.jpg 37 48 70 89
00003371.jpg 58 84
00002478.jpg 46 70 73
00003659.jpg 52 58
00001517.jpg 3 46 58 80
00002175.jpg 8 30 32 52
00003644.jpg 69 94
00001468.jpg 47 82 96
00002526.jpg 46 52 58 73 80 93 101
00002594.jpg 5 41
00000009.jpg 47 84 95
00004393.jpg 48 66 70 93
00001079.jpg 24 50 52 58
00006443.jpg 48 75 80
00003379.jpg 54 70 84 96
00004028.jpg 48 59 85 89 95
00003930.jpg 37 56 59 93
00001584.jpg 46 58 72 73 82 87 94 98
00000475.jpg 5 15
00002537.jpg 41 44 67
00000985.jpg 5 52 73 89
00000680.jpg 8 10 31 32
00000693.jpg 47 70 82 93
00003187.jpg 37 48
00002344.jpg 61 73
00001636.jpg 46 52 64
00001003.jpg 8 37 67
00002696.jpg 48 52 70 84
00003768.jpg 5 9 13 24
00001593.jpg 44 49 52 58 67 84 96
00006785.jpg 48 73 81 82
00000574.jpg 48 66 72 87 93
00000821.jpg 4 8 31
00000877.jpg 48 69 70 72 84 87
00004007.jpg 52 72 73 83 84
00002046.jpg 21 48 65
00001094.jpg 9 47 58 82
00003016.jpg 24 35 52 62 80 82 94
00004119.jpg 37 47 65 80
00004253.jpg 10 29
00003612.jpg 53 59 70
00006751.jpg 68 77
00000522.jpg 37 48 65 73 80 91
00001353.jpg 10 23 31 33
00003492.jpg 47 52 70 72 87
00002376.jpg 35 67 73
00000230.jpg 9 48 58 59 73
00001159.jpg 58 82
00006457.jpg 9 24 49 66 75
00006322.jpg 58 81
00000992.jpg 47 48 58 73 80 103
00006416.jpg 9 40 44 45 48 76 89
00006825.jpg 8 31 36
00006718.jpg 1 5
00001291.jpg 3 8
00006282.jpg 37 54 93
00002206.jpg 70 87 93
00004339.jpg 8 46 70 84 93
00002080.jpg 8 29 30 36 37
00003929.jpg 5 30 58 66
00003420.jpg 46 84 89
00006337.jpg 68 76 80
00006835.jpg 17 58
00002391.jpg 8 37 59
00003968.jpg 37 61 70 84 96
00002942.jpg 29 52 67
00001254.jpg 49 70
00001167.jpg 47 52 64 87
00001606.jpg 46 65 84 93 95
00001034.jpg 8 48 59
00001832.jpg 8 30
00002186.jpg 50 59 87
00003990.jpg 5 8 72 73 79 82 83 94
00001043.jpg 10 14 46 52 59 70
00001006.jpg 46 84 87
00006697.jpg 46 49 66 76 88
00000573.jpg 30 41 58
00000297.jpg 25 62
00002984.jpg 37 54 70 84 90 91
00000724.jpg 11 46 58 94 103
00000867.jpg 52 72 76 82 84 87 90 94
00004040.jpg 58 61
00002306.jpg 8 54 55 70 84 89
00001889.jpg 3 9 32 46 58 73 82
00002454.jpg 57 88
00003361.jpg 24 52 73 82 84 88 94
00003107.jpg 52 73 84 88 89
00000368.jpg 5 9 73 84 88
00003138.jpg 10 31
00001482.jpg 8 10 31
00004111.jpg 8 46 70 85
00002426.jpg 37 65 73 89
00000495.jpg 41 58
00000903.jpg 8 46 58 67 94
00004350.jpg 48 73 82
00001931.jpg 70 82 84 96
00003630.jpg 50 52 70 77
00001698.jpg 14 31 37
00000853.jpg 9 24 29 47 49 58 80
00002840.jpg 46 66 91
00004151.jpg 46 65 84 89
00003116.jpg 52 88 94
00000639.jpg 54 66 72 84 87
00000644.jpg 14 37
00001309.jpg 46 52 58 89 94
00003983.jpg 56 65 89
00004185.jpg 12 22 25 44 58
00001253.jpg 46 87 94
00001071.jpg 9 10 30 32
00006817.jpg 68 73 92 94
00000909.jpg 48 70 73 96
00000835.jpg 52 54 58 89
00000188.jpg 52 58 73 80
00004158.jpg 48 65 101
00001091.jpg 51 70 84 85 87
00003470.jpg 47 81 93
00000233.jpg 46 58 59
00003395.jpg 56 64 87
00002102.jpg 3 37 46 58
00002965.jpg 9 46 58 73 80 93
00001154.jpg 48 52 88
00006351.jpg 54 68
00001713.jpg 24 58 85 94
00002790.jpg 9 48 58 80
00001324.jpg 52 70 87 89
00002070.jpg 46 58 70 87
00000910.jpg 52 58 67 71 87
00004130.jpg 46 70 84 96
00001526.jpg 9 13 18 67
00002008.jpg 30 58 67
00002092.jpg 47 52 70 71 96
00001680.jpg 44 52 78
00003720.jpg 48 66 70 96
00006362.jpg 8 27 52 67
00006304.jpg 10 16
00000307.jpg 8 47 59 70 76 93
00006862.jpg 55 58 73 83 89
00002341.jpg 2 5 25
00000476.jpg 10 25
00002531.jpg 48 66 87
00002329.jpg 18 37 48 66
00003130.jpg 12 25 29 30 40
00003411.jpg 48 52 70 84
00000655.jpg 47 70 76 95 98
00001803.jpg 8 58 59
00000122.jpg 8 10 30
00001980.jpg 48 66 72 84 87 96
00006702.jpg 66 68 96
00004121.jpg 8 30 32 58
00003148.jpg 37 67 84 87
00003730.jpg 5 28 58
00003226.jpg 46 52 70 87
00003141.jpg 37 50 70 84 94
00004046.jpg 54 59 73
00001544.jpg 47 65 84 87
00003614.jpg 52 63 73 77 80 96
00000306.jpg 10 32
00003844.jpg 46 52 82 84 89
00003552.jpg 3 8 52
00000321.jpg 48 66 70 84 87
00006730.jpg 49 65 87
00001904.jpg 47 65 87
00002626.jpg 80 94
00004257.jpg 48 70 87 103
00003482.jpg 8 72 84 87 103
00000519.jpg 9 48 58 65
00002384.jpg 47 70 84 87
00006590.jpg 9 24 36 58 89
00000971.jpg 10 30
00001155.jpg 29 58
00003581.jpg 30 52 58
00003785.jpg 3 5 8 25 30 38 41 44 52 58
00003073.jpg 48 66 87
00000092.jpg 48 66 84
00006364.jpg 40 48 70 87
00000244.jpg 38 58 59 70
00001394.jpg 9 49 70 80 82 93
00001102.jpg 14 31 37
00001047.jpg 24 28 50 82
00006734.jpg 35 71
00002482.jpg 48 52 70 84
00003604.jpg 33 67 89
00003104.jpg 47 52 59 70 87 101
00001792.jpg 5 48 52
00000707.jpg 8 47 48 52 58 70 80
00003456.jpg 41 58
00003405.jpg 46 70 84
00003678.jpg 52 66 73 84
00006436.jpg 45 83
00006640.jpg 17 40 54
00001697.jpg 10 30 42
00000449.jpg 24 67
00002726.jpg 5 58 84
00006292.jpg 10 36
00004243.jpg 10 25
00001807.jpg 9 13 58 88 89
00006483.jpg 10 36
00003164.jpg 48 66 84 87
00006832.jpg 1 81
00006586.jpg 97 98 99
00000295.jpg 57 84 88
00006353.jpg 6 11 37 52
00001445.jpg 46 70 84
00002972.jpg 5 24 49
00000036.jpg 5 57
00002607.jpg 47 70 73 80
00001215.jpg 48 66 85
00001418.jpg 62 73 89
00003527.jpg 37 46
00000269.jpg 56 73 80
00002304.jpg 50 66 67 89
00004304.jpg 48 52 65 70 73 98
00003570.jpg 47 66 72 73 87 93
00004109.jpg 47 58 70 93 95
00001826.jpg 8 46 58 87 88
00002406.jpg 48 49 52 59 70 87
00000764.jpg 31 32 67
00001217.jpg 48 70 82 84 87
00006585.jpg 37 68 89
00001053.jpg 24 58 67 73
00000760.jpg 5 22 41 52 84
00003848.jpg 46 52 70 84
00006588.jpg 5 17 52 67
00004262.jpg 25 67
00006803.jpg 68 97 98
00002016.jpg 5 13
00000619.jpg 46 64 73 89
00006562.jpg 13 58
00003451.jpg 13 48 66 84 87 94
00004351.jpg 51 66 84 87
00000453.jpg 5
00001884.jpg 54 66 77 84 101
00003069.jpg 8 10 30
00006665.jpg 49 65 71 73 80 93
00002007.jpg 47 52 70 87
00003517.jpg 35 54 66 82
00006617.jpg 1 5
00003352.jpg 8 37 44 59
00001097.jpg 50 52
00001042.jpg 48 66 89
00002812.jpg 46 58 70 84 85
00000167.jpg 46 48 72 87 89
00000795.jpg 5 57
00000848.jpg 66 87 101
00001640.jpg 9 30 33
00001139.jpg 9 10 30
00001494.jpg 47 58 70 87
00002889.jpg 47 66
00006536.jpg 12 40
00004016.jpg 37 52 67 89
00001467.jpg 8 29 30 40 43
00002045.jpg 10 85
00001491.jpg 8 31 41 103
00002668.jpg 10 41 44
00001858.jpg 5 25 52 89
00003624.jpg 58 73
00003608.jpg 46 84 93
00001126.jpg 11 48 66
00001746.jpg 37 52 58
00003759.jpg 48 52 66 84 87
00003707.jpg 25 41 58
00001816.jpg 9 28 48 58 67 82
00002873.jpg 37 54 67 73 80
00002992.jpg 30 32 40 41 42 44
00001971.jpg 48 66 83 87 95
00001426.jpg 24 44 49 58
00006445.jpg 52 71 93
00001384.jpg 8 9 73 84 85 87
00006476.jpg 40 56 89
00001873.jpg 9 14 46 58 82 84
00002053.jpg 48 64 80 84
00004387.jpg 8 84 87 88 94
00003262.jpg 48 52 87
00004346.jpg 67 70 71 93
00000324.jpg 8 72 82 84 88 94
00003933.jpg 5 8 58 73 82 84 87 88 94
00001195.jpg 46 67 70
00006723.jpg 48 65 89
00002578.jpg 11 50
00004137.jpg 48 65 82
00000235.jpg 46 67 84
00004171.jpg 49 67
00001930.jpg 51 70 85 89
00003700.jpg 37 44 48 66 82 89
00000270.jpg 37 48 66
00006342.jpg 36 47
00002846.jpg 24 46 66
00006575.jpg 8 13 58
00000765.jpg 54 66 87
00001536.jpg 44 48
00002865.jpg 48 73 87 94
00004079.jpg 3 46 58 93
00004015.jpg 64 67 94
00003600.jpg 46 64 67
00000918.jpg 51 66 73
00002503.jpg 46 70 87
00001348.jpg 46 58 73 80 82 93
00006660.jpg 1 10
00001474.jpg 47 66 73 89
00002527.jpg 51 70 72 84 85 87 96
00001993.jpg 11 51 85
00006363.jpg 17 48
00000629.jpg 48 52 70 73 85
00000362.jpg 54 66 87
00000250.jpg 3 46 50 84 89 93
00004149.jpg 37 67
00006463.jpg 40 56 80 82
00001839.jpg 44 54 70 87
00000769.jpg 30 47 66
00001438.jpg 58 76
00003182.jpg 12 44
00001098.jpg 9 24 29 49 52 58 80
00001116.jpg 21 37 48 66 73 89
00000549.jpg 46 58 70 84 96
00001619.jpg 30 40 41 42 43 45
00002494.jpg 35 49 58 82 103
00000105.jpg 24 73 85
00003248.jpg 47 70
00004349.jpg 54 84 95
00001842.jpg 48 52 88
00001223.jpg 37 58
00000616.jpg 8 84 88
00003800.jpg 48 52 66 87
00000780.jpg 41 58
00003358.jpg 46 70 87
00002099.jpg 51 58 84 96 103
00002260.jpg 14 37 50 52 73 80 93
00003077.jpg 30 67
00003751.jpg 25 67
00000622.jpg 8 48 73 89
00003954.jpg 8 52 66 67 73 89 93
00006593.jpg 9 27 52
00006738.jpg 14 36 89
00000464.jpg 9 24 52 70 73 89
00001841.jpg 31 58
00003895.jpg 10 41
00006741.jpg 3 5 17 19 22 23 25 47 73
00003447.jpg 8 56 58 89 93 95
00003169.jpg 46 52 65 85
00001422.jpg 66 82 101
00006470.jpg 5 17
00002918.jpg 52 58 67 80
00002485.jpg 30 52
00006532.jpg 20 72 87
00002647.jpg 10 29 33 52
00001785.jpg 28 48 66
00003357.jpg 24 52 58
00006685.jpg 95 98
00002791.jpg 10 30
00002118.jpg 10 30
00000174.jpg 9 10 16 44 89
00002429.jpg 58 70 95
00003766.jpg 50 52
00003273.jpg 46 49
00004107.jpg 48 72 84 87 103
00003739.jpg 39 58
00001853.jpg 47 70 87
00002688.jpg 8 10 30
00003099.jpg 46 66 84 87 93 98
00003676.jpg 46 52 58 67 73 80
00003215.jpg 37 54 70 82
00000865.jpg 3 46
00000421.jpg 52 67 89
00000413.jpg 72 87 103
00001796.jpg 3 47 52 93
00000137.jpg 58 65
00006452.jpg 9 10 17
00000578.jpg 9 46 96 98
00003214.jpg 47 52 58 73 89 93 103
00001613.jpg 9 48 73 80
00003303.jpg 47 70 96
00004398.jpg 9 37 54 71 84 85 89
00002632.jpg 24 33 58
00002811.jpg 46 70 84 85
00004215.jpg 4 10 29
00006331.jpg 56 71 90 94
00003316.jpg 46 52 58
00001388.jpg 37 54 59 66
00001178.jpg 37 58
00004078.jpg 5 16
00002567.jpg 5 11 25 41 42 44 103
00000391.jpg 3 46 58 80
00000778.jpg 8 48
00000737.jpg 24 28 37 73 76 89
00002427.jpg 24 44 50 70 73 94
00006388.jpg 46 76 98
00002644.jpg 37 48 59 80 96
00000730.jpg 8 41
00006850.jpg 35 46 70 93
00001855.jpg 46 70 103
00000219.jpg 48 59 70
00006428.jpg 82 93 98
00003908.jpg 8 37 54
00002514.jpg 37 48 66
00000193.jpg 14 31 44
00001554.jpg 37 54 89
00001187.jpg 89
00006766.jpg 14 44 89
00000078.jpg 24 66 73 80 102
00001772.jpg 9 34 48 52 67 73 80
00002218.jpg 47 58 73 80
00006757.jpg 15 40
00001732.jpg 46 70 90
00001932.jpg 8 66 67 84 91 101
00001537.jpg 50 56 80
00003883.jpg 46 52 84 87 96
00001066.jpg 10 30
00002313.jpg 14 37 89
00003167.jpg 48 70 87
00002446.jpg 9 58
00001266.jpg 37 46 89
00002731.jpg 47 65 84
00003887.jpg 47 70 71 72 84 101
00000868.jpg 8 48 72 84 87
00000663.jpg 3 57
00001910.jpg 52 84 88 98
00002282.jpg 17 37 71 82 89
00000729.jpg 8 10 16
00003746.jpg 47 87
00000176.jpg 46 58 73 80 82 93
00002903.jpg 30 33 44
00001064.jpg 37 54 73 80 84 93
00006703.jpg 10 38
00000283.jpg 9 30 52 58
00002433.jpg 8 37 54 70 84 87 95
00004020.jpg 8 73 95
00001940.jpg 30 37 42 49 58
00000885.jpg 12 89 94
00002856.jpg 48 58 66 84
00000807.jpg 32 52 67
00002703.jpg 48 65 87
00002122.jpg 54 56 73 82 91 93
00003726.jpg 48 52 73 87
00002242.jpg 52 67
00001080.jpg 71 73 93 94
00000735.jpg 47 70 84 87
00004104.jpg 25 29 30 38 52
00000898.jpg 46 58 59
00004115.jpg 8 73 89
00003693.jpg 48 66
00000605.jpg 5 57
00003823.jpg 54 66 84 87
00000698.jpg 48 58 59 70
00001392.jpg 46 73 80 89
00000518.jpg 50 77 93
00001333.jpg 46 49 52 58 73 80
00000984.jpg 52 64 87
00002441.jpg 8 29 30 32 41 67
00006773.jpg 48 81 89
00000461.jpg 54 70 84 87
00002670.jpg 49 85
00000712.jpg 47 48 70 87
00000121.jpg 12 36
00000653.jpg 48 66 84 87 89 90 94
00004189.jpg 58 69 71 73 89 93 94 98
00000082.jpg 9 48 66 87
00002860.jpg 52 54 82 89
00000650.jpg 9 24 47 52 59 76
00004254.jpg 48 70 84 96
00002510.jpg 48 70 87
00001397.jpg 46 50 70 92
00000942.jpg 52 72 84 87 88 94 101
00001351.jpg 76 78 84 93
00001852.jpg 48 66 84 87
00002048.jpg 46 67 84 89 95
00000367.jpg 8 54 80
00006411.jpg 68 89
00003709.jpg 14 73
00001202.jpg 8 73 82 84
00002184.jpg 52 58 84 87
00000598.jpg 49 52 58 65
00003435.jpg 37 56 89
00003160.jpg 46 66 73
00001124.jpg 52 54 73 87
00002005.jpg 47 70 73 80
00003714.jpg 52 62
00000814.jpg 52 73 82 84 88 89
00003156.jpg 11 47 96
00004013.jpg 47 70 96
00000953.jpg 30 40 58
00004209.jpg 24 48 70 87
00004205.jpg 37 58 73 80 82
00001965.jpg 57 84
00004248.jpg 46 70 87
00003744.jpg 30 67
00003713.jpg 8 52 61 73 90
00002332.jpg 48 70 87 89 93
00002520.jpg 13 58
00002456.jpg 8 58 67 70 80 84
00000535.jpg 30 31 32 33 42 43 89
00001224.jpg 24 50 58 73
00002111.jpg 9 47 59 70
00004164.jpg 52 59 70 93
00001362.jpg 54 58 87
00003222.jpg 46 58 59
00000991.jpg 10 31 89
00003613.jpg 10 37
00002095.jpg 30 58
00000967.jpg 37 46 52
00002685.jpg 47 70 84 93 101
00006459.jpg 46 85 98
00003559.jpg 3 52 58 82 97
00002551.jpg 9 10 52
00006446.jpg 18 49 66
00003986.jpg 48 66 84
00002904.jpg 41 48 87
00000315.jpg 9 28 48 73 87
00003295.jpg 24 65 82 84 89 98 103
00001300.jpg 37 67
00002465.jpg 3 8 37 89 103
00006838.jpg 30 40
00001207.jpg 49 89
00001843.jpg 52 82 84 94
00006663.jpg 28 66 68 75 82
00003754.jpg 24 44 52 54 84 88
00001512.jpg 73 87 103
00001201.jpg 9 46 70 85
00002442.jpg 50 52
00003958.jpg 8 29 30 40
00004274.jpg 46 70 71 84 96
00003157.jpg 37 48 52
00002832.jpg 46 70 84 91
00003701.jpg 67 87
00001214.jpg 46 52 58 65 96
00004370.jpg 8 46 73 87
00001820.jpg 30 41 49 58 103
00003055.jpg 49 52 67 73 89
00000214.jpg 52 65 87
00001221.jpg 46 48 70 84 93 96 98
00003422.jpg 46 58 73 80
00006860.jpg 85 98
00001152.jpg 5 84 87 90 94
00003967.jpg 46 70 84
00001887.jpg 8 37 50 89
00006844.jpg 51 66
00000312.jpg 3 46 52 58 102
00003645.jpg 47 70 73 84 96
00001743.jpg 8 73 82 89
00001815.jpg 52 58 84 88 89
00001137.jpg 46 70 91
00006609.jpg 9 10 81
00006497.jpg 14 40
00003249.jpg 47 73 80
00001707.jpg 48 50 52 70 72 87
00004355.jpg 30 46 71 77
00000466.jpg 46 56 66 93
00002358.jpg 37 91
00000375.jpg 37 51 89
00002110.jpg 5 13 22
00002447.jpg 46 70 84 93
00002584.jpg 9 46 70 96
00003450.jpg 46 66 82 84 85 93
00001389.jpg 46 52 70 91
00002774.jpg 52 58
00002683.jpg 46 84 87
00000595.jpg 46 52 59 70
00000019.jpg 14 37 48 52 94 103
00003072.jpg 10 25
00001165.jpg 51 76
00003813.jpg 50 52 64 85
00003037.jpg 48 87
00004098.jpg 70 73 96 100
00004156.jpg 14 37
00001141.jpg 52 83 84 88
00000799.jpg 52 54 70 84 91
00006851.jpg 1 5 6 103
00003120.jpg 50 58
00001276.jpg 46 73 89
00000576.jpg 47 48 59 64 103
00006285.jpg 8 10 22
00003932.jpg 12 29 44
00001769.jpg 48 73 80 85 94
00002861.jpg 46 70 85 89
00002566.jpg 8 30
00002513.jpg 8 10 30
00004323.jpg 10 13
00000417.jpg 52 56 66 73
00002244.jpg 10 32 52
00000881.jpg 48 52 58 73 82
00000340.jpg 37 48 76
00000743.jpg 47 48 65 96
00000326.jpg 5 13
00002144.jpg 48 70 84
00000941.jpg 48 70 72 87 89
